0 1 1 0.77015115293407
1 0.54030230586814 0.54030230586814 0.77015115293407
2 -0.416146836547142 -0.416146836547142 0.832228887594569
3 -0.989992496600445 -0.989992496600445 0.129159221020775
4 -0.653643620863612 -0.653643620863612 -0.692658837711254
5 0.283662185463226 0.283662185463226 -0.877649555411447
6 0.960170286650366 0.960170286650366 -0.255733319354651
7 0.753902254343305 0.753902254343305 0.601302951142184
8 -0.145500033808614 -0.145500033808614 0.90550406140953
9 -0.911130261884677 -0.911130261884677 0.377188913562885
10 -0.839071529076452 -0.839071529076452 -0.49791198191768
11 0.00442569798805079 0.00442569798805081 -0.915234897461881
12 0.843853958732492 0.843853958732492 -0.491095069101609
13 0.907446781450196 0.907446781450196 0.384555300989735
14 0.136737218207834 0.136737218207834 0.90664730081875
15 -0.759687912858821 -0.759687912858821 0.595171953493256
16 -0.957659480323385 -0.957659480323385 -0.263501743097847
17 -0.275163338051597 -0.275163338051597 -0.879913152285338
18 0.66031670824408 0.66031670824408 -0.687336467189096
19 0.988704618186669 0.988704618186669 0.137174196026278
