1 117 5
2 100 5
3 88 5
4 72 5
6 53 5
9 29.5 1
10 25.2 1
13 15.2 1
15 11.1 1


0 141.333899083703
0.125 138.326429065958
0.25 135.382955555536
0.375 132.502116758994
0.5 129.682579860741
0.625 126.923040406417
0.75 124.222221699384
0.875 121.578874210065
1 118.991774997856
1.125 116.459727145328
1.25 113.98155920448
1.375 111.556124654767
1.5 109.182301372666
1.625 106.858991112527
1.75 104.58511899847
1.875 102.359633027098
2 100.181503580786
2.125 98.0497229513322
2.25 95.9633048737437
2.375 93.9212840699411
2.5 91.9227158021745
2.625 89.9666754359424
2.75 88.052258012211
2.875 86.1785778287356
3 84.3447680302931
3.125 82.5499802076314
3.25 80.7933840049552
3.375 79.0741667357626
3.5 77.3915330068572
3.625 75.7447043503609
3.75 74.1329188635562
3.875 72.5554308563938
4 71.0115105065002
4.125 69.500443521526
4.25 68.0215308086803
4.375 66.5740881512961
4.5 65.1574458922784
4.625 63.7709486242891
4.75 62.4139548865228
4.875 61.0858368679368
5 59.785980116795
5.125 58.5137832563924
5.25 57.26865770683
5.375 56.0500274127081
5.5 54.857328576616
5.625 53.6900093982919
5.75 52.5475298193329
5.875 51.4293612733382
6 50.3349864413687
6.125 49.2638990126101
6.25 48.2156034501289
6.375 47.189614761613
6.5 46.1854582749911
6.625 45.202669418826
6.75 44.2407935073815
6.875 43.2993855302629
7 42.3780099465333
7.125 41.4762404832115
7.25 40.5936599380576
7.375 39.7298599865547
7.5 38.8844409929982
7.625 38.0570118256055
7.75 37.2471896755587
7.875 36.4545998798994
8 35.678875748191
8.125 34.9196583928701
8.25 34.1765965632078
8.375 33.449346482804
8.5 32.7375716905399
8.625 32.0409428849145
8.75 31.3591377716941
8.875 30.6918409148032
9 30.0387435903886
9.125 29.3995436439885
9.25 28.7739453507418
9.375 28.1616592785708
9.5 27.5624021542762
9.625 26.9758967324813
9.75 26.4018716673647
9.875 25.8400613871225
10 25.2902059711021
10.125 24.7520510295504
10.25 24.2253475859203
10.375 23.7098519616826
10.5 23.2053256635884
10.625 22.7115352733303
10.75 22.2282523395521
10.875 21.7552532721558
11 21.2923192388586
11.125 20.8392360639496
11.25 20.3957941292025
11.375 19.9617882768956
11.5 19.5370177148964
11.625 19.1212859237647
11.75 18.7144005658338
11.875 18.3161733962255
12 17.926420175759
12.125 17.5449605857129
12.25 17.171618144401
12.375 16.8062201255233
12.5 16.4485974782546
12.625 16.0985847490331
12.75 15.756020005014
12.875 15.420744759151
13 15.092603896873
13.125 14.7714456043203
13.25 14.4571212981082
13.375 14.1494855565851
13.5 13.8483960525537
13.625 13.553713487423
13.75 13.2653015267625
13.875 12.983026737227
14 12.7067585248241
14.125 12.4363690744949
14.25 12.1717332909806
14.375 11.9127287409474
14.5 11.6592355963431
14.625 11.4111365789583
14.75 11.1683169061686
14.875 10.9306642378297
15 10.6980686243044


