Integration of Log(x)/Sqrt(x) from 0 to 1: -3.99999970392108


-2 -0.995322065658113
-1.875 -0.991989972857186
-1.75 -0.986671664087289
-1.625 -0.978443822646411
-1.5 -0.966105079429904
-1.375 -0.948170039191811
-1.25 -0.922900111526323
-1.125 -0.888388222381254
-1 -0.842700786678431
-0.875 -0.784075056331063
-0.75 -0.711155227451777
-0.625 -0.623240609726938
-0.5 -0.520499936920214
-0.375 -0.404116865187404
-0.25 -0.276326357379288
-0.125 -0.140316198944738
0 0
0.125 0.140316198944738
0.25 0.276326357379288
0.375 0.404116865187404
0.5 0.520499936920214
0.625 0.623240609726938
0.75 0.711155227451777
0.875 0.784075056331063
1 0.842700786678431
1.125 0.888388222381254
1.25 0.922900111526323
1.375 0.948170039191811
1.5 0.966105079429903
1.625 0.978443822646411
1.75 0.986671664087289
1.875 0.991989972857186
2 0.995322065658113
