0 1 1
0.125 1.13314845306683 1.13314845306683
0.25 1.28402541668774 1.28402541668774
0.375 1.4549914146182 1.4549914146182
0.5 1.64872127070013 1.64872127070013
0.625 1.86824595743222 1.86824595743222
0.75 2.11700001661267 2.11700001661267
0.875 2.3988752939671 2.3988752939671
1 2.71828182845904 2.71828182845905
1.125 3.08021684891803 3.08021684891803
1.25 3.49034295746184 3.49034295746184
1.375 3.95507672292058 3.95507672292058
1.5 4.48168907033806 4.48168907033806
1.625 5.07841903718008 5.07841903718008
1.75 5.75460267600572 5.75460267600573
1.875 6.52081912033011 6.52081912033011
2 7.38905609893065 7.38905609893065
2.125 8.37289748812726 8.37289748812726
2.25 9.48773583635852 9.48773583635853
2.375 10.7510131860763 10.7510131860764
2.5 12.1824939607035 12.1824939607035
2.625 13.8045741860671 13.8045741860671
2.75 15.6426318841882 15.6426318841882
2.875 17.7254241214617 17.7254241214616
3 20.0855369231876 20.0855369231877
3.125 22.7598950935267 22.7598950935267
3.25 25.790339917193 25.7903399171931
3.375 29.224283781235 29.2242837812349
3.5 33.1154519586922 33.1154519586923
3.625 37.5247231596011 37.524723159601
3.75 42.5210820000627 42.5210820000628
3.875 48.1826982910987 48.1826982910988
4 54.5981500331442 54.5981500331442
4.125 61.867809250368 61.8678092503679
4.25 70.1054123466878 70.1054123466879
4.375 79.4398395522611 79.4398395522613
4.5 90.0171313005217 90.0171313005218
4.625 102.0027730827 102.0027730827
4.75 115.584284527187 115.584284527188
4.875 130.974153210817 130.974153210819
5 148.413159102577 148.413159102577
