-5 1
-4 1
-3 1
-2 1
-1 1
0 1
1 1
2 1
3 1
4 1
5 1


-5 1 0 0
-4.875 1 0 0.125
-4.75 1 0 0.25
-4.625 1 0 0.375
-4.5 1 0 0.5
-4.375 1 0 0.625
-4.25 1 0 0.75
-4.125 1 0 0.875
-4 1 0 1
-3.875 1 0 1.125
-3.75 1 0 1.25
-3.625 1 0 1.375
-3.5 1 0 1.5
-3.375 1 0 1.625
-3.25 1 0 1.75
-3.125 1 0 1.875
-3 1 0 2
-2.875 1 0 2.125
-2.75 1 0 2.25
-2.625 1 0 2.375
-2.5 1 0 2.5
-2.375 1 0 2.625
-2.25 1 0 2.75
-2.125 1 0 2.875
-2 1 0 3
-1.875 1 0 3.125
-1.75 1 0 3.25
-1.625 1 0 3.375
-1.5 1 0 3.5
-1.375 1 0 3.625
-1.25 1 0 3.75
-1.125 1 0 3.875
-1 1 0 4
-0.875 1 0 4.125
-0.75 1 0 4.25
-0.625 1 0 4.375
-0.5 1 0 4.5
-0.375 1 0 4.625
-0.25 1 0 4.75
-0.125 1 0 4.875
0 1 0 5
0.125 1 0 5.125
0.25 1 0 5.25
0.375 1 0 5.375
0.5 1 0 5.5
0.625 1 0 5.625
0.75 1 0 5.75
0.875 1 0 5.875
1 1 0 6
1.125 1 0 6.125
1.25 1 0 6.25
1.375 1 0 6.375
1.5 1 0 6.5
1.625 1 0 6.625
1.75 1 0 6.75
1.875 1 0 6.875
2 1 0 7
2.125 1 0 7.125
2.25 1 0 7.25
2.375 1 0 7.375
2.5 1 0 7.5
2.625 1 0 7.625
2.75 1 0 7.75
2.875 1 0 7.875
3 1 0 8
3.125 1 0 8.125
3.25 1 0 8.25
3.375 1 0 8.375
3.5 1 0 8.5
3.625 1 0 8.625
3.75 1 0 8.75
3.875 1 0 8.875
4 1 0 9
4.125 1 0 9.125
4.25 1 0 9.25
4.375 1 0 9.375
4.5 1 0 9.5
4.625 1 0 9.625
4.75 1 0 9.75
4.875 1 0 9.875


-5 -5
-4 -4
-3 -3
-2 -2
-1 -1
0 0
1 1
2 2
3 3
4 4
5 5


-5 -5 1 0
-4.875 -4.875 1 -0.6171875
-4.75 -4.75 1 -1.21875
-4.625 -4.625 1 -1.8046875
-4.5 -4.5 1 -2.375
-4.375 -4.375 1 -2.9296875
-4.25 -4.25 1 -3.46875
-4.125 -4.125 1 -3.9921875
-4 -4 1 -4.5
-3.875 -3.875 1 -4.9921875
-3.75 -3.75 1 -5.46875
-3.625 -3.625 1 -5.9296875
-3.5 -3.5 1 -6.375
-3.375 -3.375 1 -6.8046875
-3.25 -3.25 1 -7.21875
-3.125 -3.125 1 -7.6171875
-3 -3 1 -8
-2.875 -2.875 1 -8.3671875
-2.75 -2.75 1 -8.71875
-2.625 -2.625 1 -9.0546875
-2.5 -2.5 1 -9.375
-2.375 -2.375 1 -9.6796875
-2.25 -2.25 1 -9.96875
-2.125 -2.125 1 -10.2421875
-2 -2 1 -10.5
-1.875 -1.875 1 -10.7421875
-1.75 -1.75 1 -10.96875
-1.625 -1.625 1 -11.1796875
-1.5 -1.5 1 -11.375
-1.375 -1.375 1 -11.5546875
-1.25 -1.25 1 -11.71875
-1.125 -1.125 1 -11.8671875
-1 -1 1 -12
-0.875 -0.875 1 -12.1171875
-0.75 -0.75 1 -12.21875
-0.625 -0.625 1 -12.3046875
-0.5 -0.5 1 -12.375
-0.375 -0.375 1 -12.4296875
-0.25 -0.25 1 -12.46875
-0.125 -0.125 1 -12.4921875
0 0 1 -12.5
0.125 0.125 1 -12.4921875
0.25 0.25 1 -12.46875
0.375 0.375 1 -12.4296875
0.5 0.5 1 -12.375
0.625 0.625 1 -12.3046875
0.75 0.75 1 -12.21875
0.875 0.875 1 -12.1171875
1 1 1 -12
1.125 1.125 1 -11.8671875
1.25 1.25 1 -11.71875
1.375 1.375 1 -11.5546875
1.5 1.5 1 -11.375
1.625 1.625 1 -11.1796875
1.75 1.75 1 -10.96875
1.875 1.875 1 -10.7421875
2 2 1 -10.5
2.125 2.125 1 -10.2421875
2.25 2.25 1 -9.96875
2.375 2.375 1 -9.6796875
2.5 2.5 1 -9.375
2.625 2.625 1 -9.0546875
2.75 2.75 1 -8.71875
2.875 2.875 1 -8.3671875
3 3 1 -8
3.125 3.125 1 -7.6171875
3.25 3.25 1 -7.21875
3.375 3.375 1 -6.8046875
3.5 3.5 1 -6.375
3.625 3.625 1 -5.9296875
3.75 3.75 1 -5.46875
3.875 3.875 1 -4.9921875
4 4 1 -4.5
4.125 4.125 1 -3.9921875
4.25 4.25 1 -3.46875
4.375 4.375 1 -2.9296875
4.5 4.5 1 -2.375
4.625 4.625 1 -1.8046875
4.75 4.75 1 -1.21875
4.875 4.875 1 -0.6171875


-5 25
-4 16
-3 9
-2 4
-1 1
0 0
1 1
2 4
3 9
4 16
5 25


-5 25 -10 0
-4.875 23.765625 -9.75 3.04752604166667
-4.75 22.5625 -9.5 5.94270833333333
-4.625 21.390625 -9.25 8.689453125
-4.5 20.25 -9 11.2916666666667
-4.375 19.140625 -8.75 13.7532552083333
-4.25 18.0625 -8.5 16.078125
-4.125 17.015625 -8.25 18.2701822916667
-4 16 -8 20.3333333333333
-3.875 15.015625 -7.75 22.271484375
-3.75 14.0625 -7.5 24.0885416666667
-3.625 13.140625 -7.25 25.7884114583333
-3.5 12.25 -7 27.375
-3.375 11.390625 -6.75 28.8522135416667
-3.25 10.5625 -6.5 30.2239583333333
-3.125 9.765625 -6.25 31.494140625
-3 9 -6 32.6666666666667
-2.875 8.265625 -5.75 33.7454427083333
-2.75 7.5625 -5.5 34.734375
-2.625 6.890625 -5.25 35.6373697916667
-2.5 6.25 -5 36.4583333333333
-2.375 5.640625 -4.75 37.201171875
-2.25 5.0625 -4.5 37.8697916666667
-2.125 4.515625 -4.25 38.4680989583333
-2 4 -4 39
-1.875 3.515625 -3.75 39.4694010416667
-1.75 3.0625 -3.5 39.8802083333333
-1.625 2.640625 -3.25 40.236328125
-1.5 2.25 -3 40.5416666666667
-1.375 1.890625 -2.75 40.8001302083333
-1.25 1.5625 -2.5 41.015625
-1.125 1.265625 -2.25 41.1920572916667
-1 1 -2 41.3333333333333
-0.875 0.765625 -1.75 41.443359375
-0.75 0.5625 -1.5 41.5260416666667
-0.625 0.390625 -1.25 41.5852864583333
-0.5 0.25 -1 41.625
-0.375 0.140625 -0.75 41.6490885416667
-0.25 0.0625 -0.5 41.6614583333333
-0.125 0.015625 -0.25 41.666015625
0 0 0 41.6666666666667
0.125 0.015625 0.25 41.6673177083333
0.25 0.0625 0.5 41.671875
0.375 0.140625 0.75 41.6842447916667
0.5 0.25 1 41.7083333333333
0.625 0.390625 1.25 41.748046875
0.75 0.5625 1.5 41.8072916666667
0.875 0.765625 1.75 41.8899739583333
1 1 2 42
1.125 1.265625 2.25 42.1412760416667
1.25 1.5625 2.5 42.3177083333333
1.375 1.890625 2.75 42.533203125
1.5 2.25 3 42.7916666666667
1.625 2.640625 3.25 43.0970052083333
1.75 3.0625 3.5 43.453125
1.875 3.515625 3.75 43.8639322916667
2 4 4 44.3333333333333
2.125 4.515625 4.25 44.865234375
2.25 5.0625 4.5 45.4635416666667
2.375 5.640625 4.75 46.1321614583333
2.5 6.25 5 46.875
2.625 6.890625 5.25 47.6959635416667
2.75 7.5625 5.5 48.5989583333333
2.875 8.265625 5.75 49.587890625
3 9 6 50.6666666666667
3.125 9.765625 6.25 51.8391927083333
3.25 10.5625 6.5 53.109375
3.375 11.390625 6.75 54.4811197916667
3.5 12.25 7 55.9583333333333
3.625 13.140625 7.25 57.544921875
3.75 14.0625 7.5 59.2447916666667
3.875 15.015625 7.75 61.0618489583333
4 16 8 63
4.125 17.015625 8.25 65.0631510416667
4.25 18.0625 8.5 67.2552083333333
4.375 19.140625 8.75 69.580078125
4.5 20.25 9 72.0416666666667
4.625 21.390625 9.25 74.6438802083333
4.75 22.5625 9.5 77.390625
4.875 23.765625 9.75 80.2858072916667


-5 0
-4 0
-3 0
-2 0
-1 0
0 0
1 1
2 1
3 1
4 1
5 1


-5 0 -1 0
-4.875 -0.109375 -0.75 -0.00716145833333333
-4.75 -0.1875 -0.5 -0.0260416666666667
-4.625 -0.234375 -0.25 -0.052734375
-4.5 -0.25 0 -0.0833333333333333
-4.375 -0.234375 0.25 -0.113932291666667
-4.25 -0.1875 0.5 -0.140625
-4.125 -0.109375 0.75 -0.159505208333333
-4 0 1 -0.166666666666667
-3.875 0.109375 0.75 -0.159505208333333
-3.75 0.1875 0.5 -0.140625
-3.625 0.234375 0.25 -0.113932291666667
-3.5 0.25 0 -0.0833333333333333
-3.375 0.234375 -0.25 -0.052734375
-3.25 0.1875 -0.5 -0.0260416666666667
-3.125 0.109375 -0.75 -0.00716145833333334
-3 0 -1 0
-2.875 -0.109375 -0.75 -0.00716145833333333
-2.75 -0.1875 -0.5 -0.0260416666666667
-2.625 -0.234375 -0.25 -0.052734375
-2.5 -0.25 0 -0.0833333333333333
-2.375 -0.234375 0.25 -0.113932291666667
-2.25 -0.1875 0.5 -0.140625
-2.125 -0.109375 0.75 -0.159505208333333
-2 0 1 -0.166666666666667
-1.875 0.109375 0.75 -0.159505208333333
-1.75 0.1875 0.5 -0.140625
-1.625 0.234375 0.25 -0.113932291666667
-1.5 0.25 0 -0.0833333333333333
-1.375 0.234375 -0.25 -0.052734375
-1.25 0.1875 -0.5 -0.0260416666666667
-1.125 0.109375 -0.75 -0.00716145833333334
-1 0 -1 0
-0.875 -0.109375 -0.75 -0.00716145833333333
-0.75 -0.1875 -0.5 -0.0260416666666667
-0.625 -0.234375 -0.25 -0.052734375
-0.5 -0.25 0 -0.0833333333333333
-0.375 -0.234375 0.25 -0.113932291666667
-0.25 -0.1875 0.5 -0.140625
-0.125 -0.109375 0.75 -0.159505208333333
0 0 1 -0.166666666666667
0.125 0.125 1 -0.158854166666667
0.25 0.25 1 -0.135416666666667
0.375 0.375 1 -0.0963541666666667
0.5 0.5 1 -0.0416666666666667
0.625 0.625 1 0.0286458333333333
0.75 0.75 1 0.114583333333333
0.875 0.875 1 0.216145833333333
1 1 1 0.333333333333333
1.125 1.109375 0.75 0.465494791666667
1.25 1.1875 0.5 0.609375
1.375 1.234375 0.25 0.761067708333333
1.5 1.25 0 0.916666666666667
1.625 1.234375 -0.25 1.072265625
1.75 1.1875 -0.5 1.22395833333333
1.875 1.109375 -0.75 1.36783854166667
2 1 -1 1.5
2.125 0.890625 -0.75 1.61783854166667
2.25 0.8125 -0.5 1.72395833333333
2.375 0.765625 -0.25 1.822265625
2.5 0.75 0 1.91666666666667
2.625 0.765625 0.25 2.01106770833333
2.75 0.8125 0.5 2.109375
2.875 0.890625 0.75 2.21549479166667
3 1 1 2.33333333333333
3.125 1.109375 0.75 2.46549479166667
3.25 1.1875 0.5 2.609375
3.375 1.234375 0.25 2.76106770833333
3.5 1.25 0 2.91666666666667
3.625 1.234375 -0.25 3.072265625
3.75 1.1875 -0.5 3.22395833333333
3.875 1.109375 -0.75 3.36783854166667
4 1 -1 3.5
4.125 0.890625 -0.75 3.61783854166667
4.25 0.8125 -0.5 3.72395833333333
4.375 0.765625 -0.25 3.822265625
4.5 0.75 0 3.91666666666667
4.625 0.765625 0.25 4.01106770833333
4.75 0.8125 0.5 4.109375
4.875 0.890625 0.75 4.21549479166667


