1 2.3741196751112 -0.5
1.03125 2.15357646127991 -0.5
1.0625 1.95437800442971 -0.5
1.09375 1.77398905176564 -0.5
1.125 1.61023242448353 -0.5
1.15625 1.46123045729447 -0.5
1.1875 1.32535741826415 -0.5
1.21875 1.20120052826395 -0.5
1.25 1.08579037412484 -0.5
1.28125 0.980211971214726 -0.5
1.3125 0.883120378200464 -0.5
1.34375 0.793720026302825 -0.5
1.375 0.711273252554971 -0.5
1.40625 0.635244236472152 -0.5
1.4375 0.56459493295031 -0.5
1.46875 0.499210230713778 -0.5
1.5 0.438611363379738 -0.5
1.53125 0.382372452961468 -0.5
1.5625 0.330113549657476 -0.5
1.59375 0.281494599307291 -0.5
1.625 0.23621056008967 -0.5
1.65625 0.193987030395836 -0.5
1.6875 0.154576647797508 -0.5
1.71875 0.11775590263289 -0.5
1.75 0.0833225131797757 -0.5
1.78125 0.051092997436579 -0.5
1.8125 0.0209001767713603 -0.5
1.84375 -0.00740743004066775 -0.5
1.875 -0.0339684025001825 -0.5
1.90625 -0.0589092484486391 -0.5
1.9375 -0.0823456393998341 -0.5
1.96875 -0.104383507098067 -0.5
2 -0.12512010659769 -0.5
2.03125 -0.144644671100061 -0.5
2.0625 -0.163039335337817 -0.5
2.09375 -0.180379678041217 -0.5
2.125 -0.196735407129012 -0.5
2.15625 -0.212170830451654 -0.5
2.1875 -0.226745383180713 -0.5
2.21875 -0.240514031194623 -0.5
2.25 -0.253527673174742 -0.5
2.28125 -0.265833486676485 -0.5
2.3125 -0.277475237092357 -0.5
2.34375 -0.288493571975845 -0.5
2.375 -0.298926280781869 -0.5
2.40625 -0.308897953279877 -0.5
2.4375 -0.318328111108976 -0.5
2.46875 -0.327273645907259 -0.5
2.5 -0.335777594320832 -0.5
2.53125 -0.343840723496071 -0.5
2.5625 -0.351506317141232 -0.5
2.59375 -0.35879224306152 -0.5
2.625 -0.365720465817208 -0.5
2.65625 -0.372311567911503 -0.5
2.6875 -0.378584838670402 -0.5
2.71875 -0.384558393601904 -0.5
2.75 -0.390249230529553 -0.5
2.78125 -0.395673328082039 -0.5
2.8125 -0.40084571353359 -0.5
2.84375 -0.405780522882091 -0.5
2.875 -0.410491067930215 -0.5
2.90625 -0.414989884101745 -0.5
2.9375 -0.419288794335403 -0.5
2.96875 -0.423398936700299 -0.5
3 -0.427330832772126 -0.5
3.03125 -0.431094402649432 -0.5
3.0625 -0.434699017312607 -0.5
3.09375 -0.438153528898404 -0.5
3.125 -0.436410919412122 -0.5
3.15625 -0.439338851722506 -0.5
3.1875 -0.442129601698916 -0.5
3.21875 -0.444790057300323 -0.5
3.25 -0.44732674182652 -0.5
3.28125 -0.44974583549456 -0.5
3.3125 -0.452053195843638 -0.5
3.34375 -0.454254377719303 -0.5
3.375 -0.456354654285515 -0.5
3.40625 -0.458359028965248 -0.5
3.4375 -0.460272256727654 -0.5
3.46875 -0.462098855171189 -0.5
3.5 -0.463843120319279 -0.5
3.53125 -0.465509138035926 -0.5
3.5625 -0.467100797750449 -0.5
3.59375 -0.468621801873263 -0.5
3.625 -0.470075678294696 -0.5
3.65625 -0.471465786746995 -0.5
3.6875 -0.472795331739974 -0.5
3.71875 -0.474067367894252 -0.5
3.75 -0.475284808825854 -0.5
3.78125 -0.476450436002298 -0.5
3.8125 -0.47756690117807 -0.5
3.84375 -0.478636738121427 -0.5
3.875 -0.479662363114672 -0.5
3.90625 -0.480652055681499 -0.5
3.9375 -0.481598495254766 -0.5
3.96875 -0.482507757850206 -0.5
4 -0.483381898847021 -0.5
4.03125 -0.484222884303122 -0.5
4.0625 -0.485032596505763 -0.5
4.09375 -0.48582348955973 -0.5
4.125 -0.486578395579637 -0.5
4.15625 -0.487307549985823 -0.5
4.1875 -0.488012565514012 -0.5
4.21875 -0.488694983254019 -0.5
4.25 -0.489356279655687 -0.5
4.28125 -0.48999786697576 -0.5
4.3125 -0.490621092518484 -0.5
4.34375 -0.491241483650299 -0.5
4.375 -0.49006340238118 -0.5
4.40625 -0.490514673928297 -0.5
4.4375 -0.490945659476024 -0.5
4.46875 -0.49135719497773 -0.5
4.5 -0.491750199814274 -0.5
4.53125 -0.492125555433873 -0.5
4.5625 -0.492484107474867 -0.5
4.59375 -0.492826667243465 -0.5
4.625 -0.493154013964625 -0.5
4.65625 -0.493466896050702 -0.5
4.6875 -0.493766032475202 -0.5
4.71875 -0.49405211493087 -0.5
4.75 -0.494325808713225 -0.5
4.78125 -0.494587753819241 -0.5
4.8125 -0.49483856626589 -0.5
4.84375 -0.495078839594598 -0.5
4.875 -0.495309145249013 -0.5
4.90625 -0.495530033890401 -0.5
4.9375 -0.495742036031169 -0.5
4.96875 -0.495945663102207 -0.5
5 -0.496141407470551 -0.5
5.03125 -0.496329744264075 -0.5
5.0625 -0.496511130558 -0.5
5.09375 -0.496686006809412 -0.5
5.125 -0.496854797306963 -0.5
5.15625 -0.497017909853837 -0.5
5.1875 -0.49717573706987 -0.5
5.21875 -0.497328655825342 -0.5
5.25 -0.497477027766076 -0.5
5.28125 -0.497621200441838 -0.5
5.3125 -0.497761506323538 -0.5
5.34375 -0.49789826408116 -0.5
5.375 -0.498031777221752 -0.5
5.40625 -0.498162336530516 -0.5
5.4375 -0.498290217866044 -0.5
5.46875 -0.498415684504637 -0.5
5.5 -0.49853898506832 -0.5
5.53125 -0.498660356684905 -0.5
5.5625 -0.49881047216242 -0.5
5.59375 -0.498248662939904 -0.5
5.625 -0.498319084966854 -0.5
5.65625 -0.498386275575845 -0.5
5.6875 -0.498450398603317 -0.5
5.71875 -0.498511611315089 -0.5
5.75 -0.498570064580186 -0.5
5.78125 -0.498625903348021 -0.5
5.8125 -0.498679266806911 -0.5
5.84375 -0.498730288561468 -0.5
5.875 -0.498780116878373 -0.5
5.90625 -0.498827041645114 -0.5
5.9375 -0.498872029627425 -0.5
5.96875 -0.498915199324991 -0.5
6 -0.498956665162346 -0.5
6.03125 -0.498996537809655 -0.5
6.0625 -0.499034923866135 -0.5
6.09375 -0.499071926634173 -0.5
6.125 -0.499107645821292 -0.5
6.15625 -0.499142177711846 -0.5
6.1875 -0.49917764712633 -0.5
6.21875 -0.499210496427901 -0.5
6.25 -0.499242492804654 -0.5
6.28125 -0.499273727001505 -0.5
6.3125 -0.499304287078664 -0.5
6.34375 -0.499334258817764 -0.5
6.375 -0.499363724656321 -0.5
6.40625 -0.49939204681397 -0.5
6.4375 -0.499420592622664 -0.5
6.46875 -0.499448844636423 -0.5
6.5 -0.499476872804515 -0.5
6.53125 -0.499514382360324 -0.5
6.5625 -0.499543359842941 -0.5
6.59375 -0.499572430574659 -0.5
6.625 -0.499601662166655 -0.5
6.65625 -0.499631117770684 -0.5
6.6875 -0.499660858622558 -0.5
6.71875 -0.499690941919396 -0.5
6.75 -0.499721421294353 -0.5
6.78125 -0.499752347370937 -0.5
6.8125 -0.499793430877864 -0.5
6.84375 -0.499570149352351 -0.5
6.875 -0.499583926427099 -0.5
6.90625 -0.499597390442209 -0.5
6.9375 -0.49960271820162 -0.5
6.96875 -0.499606902274319 -0.5
7 -0.4996109359422 -0.5
7.03125 -0.499614826256972 -0.5
7.0625 -0.499618580289425 -0.5
7.09375 -0.499622205027061 -0.5
7.125 -0.499625707439305 -0.5
7.15625 -0.499629094451409 -0.5
7.1875 -0.499632372918417 -0.5
7.21875 -0.499635549634066 -0.5
7.25 -0.499638631268406 -0.5
7.28125 -0.499641624453281 -0.5
7.3125 -0.499644535664336 -0.5
7.34375 -0.499647371274299 -0.5
7.375 -0.49965013757517 -0.5
7.40625 -0.499653815457316 -0.5
7.4375 -0.499656631107304 -0.5
7.46875 -0.499659418144513 -0.5
7.5 -0.499662184319058 -0.5
7.53125 -0.499664937265594 -0.5
7.5625 -0.499667684466427 -0.5
7.59375 -0.499670433363115 -0.5
7.625 -0.499673190987753 -0.5
7.65625 -0.499675964423428 -0.5
7.6875 -0.499678760343162 -0.5
7.71875 -0.499681585005519 -0.5
7.75 -0.499684444755931 -0.5
7.78125 -0.499692710093893 -0.5
7.8125 -0.499696838269863 -0.5
7.84375 -0.49970094931283 -0.5
7.875 -0.499705195586319 -0.5
7.90625 -0.499709585974581 -0.5
7.9375 -0.499714128516098 -0.5
7.96875 -0.499718838419157 -0.5
8 -0.499723715215656 -0.5


0.5 -0.860014262715319 -0.5
0.484375 -0.812044229627774 -0.5
0.46875 -0.770413981247324 -0.5
0.453125 -0.734241600132816 -0.5
0.4375 -0.702750099619807 -0.5
0.421875 -0.675324543829262 -0.5
0.40625 -0.651381747687288 -0.5
0.390625 -0.630483340957146 -0.5
0.375 -0.612251689106607 -0.5
0.359375 -0.59624299237198 -0.5
0.34375 -0.582284512285988 -0.5
0.328125 -0.57008348483609 -0.5
0.3125 -0.559425526852194 -0.5
0.296875 -0.550106843871923 -0.5
0.28125 -0.541990985900274 -0.5
0.265625 -0.534932925957733 -0.5
0.25 -0.528812442234924 -0.5
0.234375 -0.523516999377161 -0.5
0.21875 -0.51896880944886 -0.5
0.203125 -0.515102870031243 -0.5
0.1875 -0.511815611819629 -0.5
0.171875 -0.509046697399043 -0.5
0.15625 -0.506763128676758 -0.5
0.140625 -0.50489810872745 -0.5
0.125 -0.503391703027192 -0.5
0.109375 -0.502238973162519 -0.5
0.09375 -0.501355187981086 -0.5
0.078125 -0.500704526767125 -0.5
0.0625 -0.500258009063144 -0.5
0.046875 -0.499976133206463 -0.5
0.03125 -0.499830295962531 -0.5
0.015625 -0.499754133208775 -0.5


0.01 -0.499934103490748 -0.5
0.00995 -0.499934401805542 -0.5
0.0099 -0.499934695530729 -0.5
0.00985 -0.499934984654266 -0.5
0.0098 -0.499935269112003 -0.5
0.00975 -0.499935548981202 -0.5
0.0097 -0.499935824070855 -0.5
0.00965 -0.499931222713896 -0.5
0.0096 -0.499931444247586 -0.5
0.00955 -0.499931661474022 -0.5
0.0095 -0.499931874379257 -0.5
0.00945 -0.499932082840564 -0.5
0.0094 -0.499932286958508 -0.5
0.00935 -0.499932284195746 -0.5
0.0093 -0.499932471819584 -0.5
0.00925 -0.499932654922897 -0.5
0.00920000000000001 -0.499932833867112 -0.5
0.00915000000000001 -0.499933008281866 -0.5
0.00910000000000001 -0.499933178317189 -0.5
0.00905000000000001 -0.499933344151248 -0.5
0.00900000000000001 -0.499933505462044 -0.5
0.00895000000000001 -0.499933662163605 -0.5
0.00890000000000001 -0.499940698431945 -0.5
0.00885000000000001 -0.499940921464974 -0.5
0.00880000000000001 -0.49994113911624 -0.5
0.00875000000000001 -0.499941351228613 -0.5
0.00870000000000001 -0.49994155797187 -0.5
0.00865000000000001 -0.4999417588293 -0.5
0.00860000000000001 -0.499941954420359 -0.5
0.00855000000000001 -0.499942144162053 -0.5
0.00850000000000001 -0.499942328263469 -0.5
0.00845000000000001 -0.499942506795223 -0.5
0.00840000000000001 -0.499942825528969 -0.5
0.00835000000000001 -0.499942889961431 -0.5
0.00830000000000001 -0.499942948746158 -0.5
0.00825000000000001 -0.499942446546034 -0.5
0.00820000000000001 -0.499942590109831 -0.5
0.00815000000000001 -0.499938971940732 -0.5
0.00810000000000001 -0.499938098778249 -0.5
0.00805000000000001 -0.499938260808668 -0.5
0.00800000000000001 -0.499938675932506 -0.5
0.00795000000000001 -0.499939084405486 -0.5
0.00790000000000001 -0.499939486101567 -0.5
0.00785000000000001 -0.499935678155112 -0.5
0.00780000000000001 -0.499936119602015 -0.5
0.00775000000000001 -0.49993655605549 -0.5
0.00770000000000001 -0.499936987123063 -0.5
0.00765000000000001 -0.499937413216102 -0.5
0.00760000000000001 -0.499937834315376 -0.5
0.00755000000000002 -0.499938250450692 -0.5
0.00750000000000002 -0.499938661601005 -0.5
0.00745000000000002 -0.499939067734438 -0.5
0.00740000000000002 -0.499939469176482 -0.5
0.00735000000000002 -0.499939865540108 -0.5
0.00730000000000002 -0.49994025724664 -0.5
0.00725000000000002 -0.499940643990568 -0.5
0.00720000000000002 -0.49994102613466 -0.5
0.00715000000000002 -0.499941403261618 -0.5
0.00710000000000002 -0.49994177569734 -0.5
0.00705000000000002 -0.499942143058261 -0.5
0.00700000000000002 -0.499942505719982 -0.5
0.00695000000000002 -0.499942863262437 -0.5
0.00690000000000002 -0.499943215795937 -0.5
0.00685000000000002 -0.499943563121036 -0.5
0.00680000000000002 -0.499943905336311 -0.5
0.00675000000000002 -0.499944242254866 -0.5
0.00670000000000002 -0.499944573833659 -0.5
0.00665000000000002 -0.499944899948078 -0.5
0.00660000000000002 -0.499945220372584 -0.5
0.00655000000000002 -0.499945535148405 -0.5
0.00650000000000002 -0.499945843884964 -0.5
0.00645000000000002 -0.499946146683022 -0.5
0.00640000000000002 -0.49994644329366 -0.5
0.00635000000000002 -0.499946733550533 -0.5
0.00630000000000002 -0.499947017189014 -0.5
0.00625000000000002 -0.499947294213927 -0.5
0.00620000000000002 -0.499947564294569 -0.5
0.00615000000000002 -0.499947827382363 -0.5
0.00610000000000002 -0.499951127196979 -0.5
0.00605000000000002 -0.49995148796673 -0.5
0.00600000000000002 -0.499951673420358 -0.5
0.00595000000000002 -0.499951849848997 -0.5
0.00590000000000003 -0.49995201697375 -0.5
0.00585000000000003 -0.499952350482544 -0.5
0.00580000000000003 -0.499952492775321 -0.5
0.00575000000000003 -0.499952625205833 -0.5
0.00570000000000003 -0.499952747248001 -0.5
0.00565000000000003 -0.499952858921165 -0.5
0.00560000000000003 -0.499952959916767 -0.5
0.00555000000000003 -0.499953050004789 -0.5
0.00550000000000003 -0.499953128982405 -0.5
0.00545000000000003 -0.499953410057153 -0.5
0.00540000000000003 -0.49995380393812 -0.5
0.00535000000000003 -0.499954167430759 -0.5
0.00530000000000003 -0.49995453628911 -0.5
0.00525000000000003 -0.499954893077749 -0.5
0.00520000000000003 -0.49995522920827 -0.5
0.00515000000000003 -0.499955558849697 -0.5
0.00510000000000003 -0.499955875446663 -0.5
0.00505000000000003 -0.499956179159232 -0.5
0.00500000000000003 -0.499956476433245 -0.5
0.00495000000000003 -0.499958826047551 -0.5
0.00490000000000003 -0.49995925718352 -0.5
0.00485000000000003 -0.499959588989569 -0.5
0.00480000000000003 -0.499959923788042 -0.5
0.00475000000000003 -0.499960236271399 -0.5
0.00470000000000003 -0.499960533368672 -0.5
0.00465000000000003 -0.499960836491698 -0.5
0.00460000000000003 -0.499961127241971 -0.5
0.00455000000000003 -0.499961405175856 -0.5
0.00450000000000003 -0.499964164401494 -0.5
0.00445000000000003 -0.499964553194029 -0.5
0.00440000000000003 -0.499964913383294 -0.5
0.00435000000000003 -0.499965264323914 -0.5
0.00430000000000003 -0.499965604930758 -0.5
0.00425000000000003 -0.499965935155945 -0.5
0.00420000000000004 -0.499966253995306 -0.5
0.00415000000000004 -0.499966560973714 -0.5
0.00410000000000004 -0.49996684279833 -0.5
0.00405000000000004 -0.499967193807935 -0.5
0.00400000000000004 -0.49996745555751 -0.5
0.00395000000000004 -0.499968367417869 -0.5
0.00390000000000004 -0.499968662819237 -0.5
0.00385000000000004 -0.499968944513231 -0.5
0.00380000000000004 -0.499969211867782 -0.5
0.00375000000000004 -0.499969916379449 -0.5
0.00370000000000004 -0.499970144039252 -0.5
0.00365000000000004 -0.499970336862979 -0.5
0.00360000000000004 -0.49997051246136 -0.5
0.00355000000000004 -0.499970669914448 -0.5
0.00350000000000004 -0.499970808161978 -0.5
0.00345000000000004 -0.499970926082586 -0.5
0.00340000000000004 -0.499971022884188 -0.5
0.00335000000000004 -0.499971104195982 -0.5
0.00330000000000004 -0.499971157348994 -0.5
0.00325000000000003 -0.499971186594936 -0.5
0.00320000000000003 -0.499974819791166 -0.5
0.00315000000000003 -0.499975057312663 -0.5
0.00310000000000003 -0.499975283785303 -0.5
0.00305000000000003 -0.499975498721132 -0.5
0.00300000000000003 -0.499975700666855 -0.5
0.00295000000000003 -0.499975547539475 -0.5
0.00290000000000003 -0.499975678953236 -0.5
0.00285000000000003 -0.499975794627671 -0.5
0.00280000000000003 -0.499975893285017 -0.5
0.00275000000000003 -0.499976013537268 -0.5
0.00270000000000003 -0.499976068717956 -0.5
0.00265000000000003 -0.499976102046282 -0.5
0.00260000000000003 -0.499978075246127 -0.5
0.00255000000000003 -0.499978233983699 -0.5
0.00250000000000003 -0.499978380020125 -0.5
0.00245000000000003 -0.499978506732739 -0.5
0.00240000000000003 -0.499978632974207 -0.5
0.00235000000000003 -0.499978704592082 -0.5
0.00230000000000003 -0.499978748153417 -0.5
0.00225000000000003 -0.499978760925293 -0.5
0.00220000000000003 -0.499978740010635 -0.5
0.00215000000000003 -0.499980130581384 -0.5
0.00210000000000003 -0.499980005364348 -0.5
0.00205000000000003 -0.499981169269038 -0.5
0.00200000000000003 -0.499982269835914 -0.5
0.00195000000000003 -0.499981263979544 -0.5
0.00190000000000003 -0.499981165313384 -0.5
0.00185000000000003 -0.499981035732811 -0.5
0.00180000000000003 -0.499980892229917 -0.5
0.00175000000000003 -0.499980761255447 -0.5
0.00170000000000003 -0.499980569131956 -0.5
0.00165000000000003 -0.499980379093618 -0.5
0.00160000000000003 -0.499980122370035 -0.5
0.00155000000000003 -0.499981432902424 -0.5
0.00150000000000003 -0.499981262238008 -0.5
0.00145000000000003 -0.499981061499071 -0.5
0.00140000000000003 -0.49998165445408 -0.5
0.00135000000000003 -0.499981436613221 -0.5
0.00130000000000003 -0.499981961386211 -0.5
0.00125000000000003 -0.499981866083675 -0.5
0.00120000000000003 -0.499981752890491 -0.5
0.00115000000000003 -0.499981615179145 -0.5
0.00110000000000003 -0.499981443579352 -0.5
0.00105000000000003 -0.499981717613025 -0.5
0.00100000000000003 -0.499981635134527 -0.5
0.000950000000000033 -0.499981432886453 -0.5
0.000900000000000033 -0.499981584540123 -0.5
0.000850000000000033 -0.499981793962934 -0.5
0.000800000000000033 -0.499981725671601 -0.5
0.000750000000000033 -0.499981641715503 -0.5
0.000700000000000033 -0.499981610665077 -0.5
0.000650000000000033 -0.499981478193414 -0.5
0.000600000000000033 -0.499981230378239 -0.5
0.000550000000000033 -0.499981080579697 -0.5
0.000500000000000033 -0.499981594599685 -0.5
0.000450000000000033 -0.499981592288766 -0.5
0.000400000000000033 -0.499981891841859 -0.5
0.000350000000000033 -0.499981878511714 -0.5
0.000300000000000033 -0.499981891492989 -0.5
0.000250000000000033 -0.499981878289796 -0.5
0.000200000000000033 -0.499981877907321 -0.5
0.000150000000000033 -0.499981937024067 -0.5
0.000100000000000033 -0.499981951332976 -0.5
5.00000000000331E-05 -0.499981945981462 -0.5


0.01 -0.499723715215656 -0.5
0.00995 -0.499724482528104 -0.5
0.0099 -0.499725253903767 -0.5
0.00985 -0.499726029342421 -0.5
0.0098 -0.499726808630228 -0.5
0.00975 -0.499727591943571 -0.5
0.0097 -0.499728377394907 -0.5
0.00965 -0.49972916505705 -0.5
0.0096 -0.499730013199649 -0.5
0.00955 -0.499730841511778 -0.5
0.0095 -0.499731673547984 -0.5
0.00945 -0.499732508924805 -0.5
0.0094 -0.499733347905348 -0.5
0.00935 -0.499734190211914 -0.5
0.0093 -0.499735125111491 -0.5
0.00925 -0.499735970331433 -0.5
0.00920000000000001 -0.499736818644392 -0.5
0.00915000000000001 -0.499737670222282 -0.5
0.00910000000000001 -0.499738524909451 -0.5
0.00905000000000001 -0.499739382929689 -0.5
0.00900000000000001 -0.49974024402143 -0.5
0.00895000000000001 -0.499741108205057 -0.5
0.00890000000000001 -0.499741975435481 -0.5
0.00885000000000001 -0.499742845714455 -0.5
0.00880000000000001 -0.499743719137151 -0.5
0.00875000000000001 -0.499744803774374 -0.5
0.00870000000000001 -0.499745670809545 -0.5
0.00865000000000001 -0.499746540854937 -0.5
0.00860000000000001 -0.499747413998699 -0.5
0.00855000000000001 -0.499748290248675 -0.5
0.00850000000000001 -0.499749169394267 -0.5
0.00845000000000001 -0.499750051785439 -0.5
0.00840000000000001 -0.499750937229793 -0.5
0.00835000000000001 -0.499751825868815 -0.5
0.00830000000000001 -0.499752717688612 -0.5
0.00825000000000001 -0.499753540503037 -0.5
0.00820000000000001 -0.499754435553547 -0.5
0.00815000000000001 -0.499755333881138 -0.5
0.00810000000000001 -0.499763098656146 -0.5
0.00805000000000001 -0.499764038549081 -0.5
0.00800000000000001 -0.499764981845135 -0.5
0.00795000000000001 -0.499765929015049 -0.5
0.00790000000000001 -0.499766879571657 -0.5
0.00785000000000001 -0.499767833821529 -0.5
0.00780000000000001 -0.499766901277305 -0.5
0.00775000000000001 -0.499767877556196 -0.5
0.00770000000000001 -0.499768857750699 -0.5
0.00765000000000001 -0.499769842230085 -0.5
0.00760000000000001 -0.499771783974435 -0.5
0.00755000000000002 -0.499772789573155 -0.5
0.00750000000000002 -0.49977379966735 -0.5
0.00745000000000002 -0.499774814102459 -0.5
0.00740000000000002 -0.499775833239226 -0.5
0.00735000000000002 -0.499776857176954 -0.5
0.00730000000000002 -0.499777885975214 -0.5
0.00725000000000002 -0.499778919913278 -0.5
0.00720000000000002 -0.499779959260487 -0.5
0.00715000000000002 -0.499781004023516 -0.5
0.00710000000000002 -0.499782054412375 -0.5
0.00705000000000002 -0.499783110800908 -0.5
0.00700000000000002 -0.499784173072986 -0.5
0.00695000000000002 -0.499785241892834 -0.5
0.00690000000000002 -0.499786317141226 -0.5
0.00685000000000002 -0.499787399147609 -0.5
0.00680000000000002 -0.499788488240765 -0.5
0.00675000000000002 -0.499789584566618 -0.5
0.00670000000000002 -0.499790688660604 -0.5
0.00665000000000002 -0.499791800491477 -0.5
0.00660000000000002 -0.499792920740934 -0.5
0.00655000000000002 -0.499794988912962 -0.5
0.00650000000000002 -0.499796170678089 -0.5
0.00645000000000002 -0.499797362164057 -0.5
0.00640000000000002 -0.499798563131758 -0.5
0.00635000000000002 -0.499799774668707 -0.5
0.00630000000000002 -0.499800996610357 -0.5
0.00625000000000002 -0.499802229531296 -0.5
0.00620000000000002 -0.499803474161507 -0.5
0.00615000000000002 -0.499804730637471 -0.5
0.00610000000000002 -0.499805999574399 -0.5
0.00605000000000002 -0.499807281600397 -0.5
0.00600000000000002 -0.499808576884165 -0.5
0.00595000000000002 -0.499809886480848 -0.5
0.00590000000000003 -0.49981121067075 -0.5
0.00585000000000003 -0.499812549972931 -0.5
0.00580000000000003 -0.499813905187058 -0.5
0.00575000000000003 -0.49981527700785 -0.5
0.00570000000000003 -0.499816666092614 -0.5
0.00565000000000003 -0.499818073023327 -0.5
0.00560000000000003 -0.499819498873632 -0.5
0.00555000000000003 -0.499820944240265 -0.5
0.00550000000000003 -0.49982240983841 -0.5
0.00545000000000003 -0.499823896848229 -0.5
0.00540000000000003 -0.499825406150811 -0.5
0.00535000000000003 -0.499825452580213 -0.5
0.00530000000000003 -0.499829190247911 -0.5
0.00525000000000003 -0.499830231627 -0.5
0.00520000000000003 -0.499831964052854 -0.5
0.00515000000000003 -0.499830112536246 -0.5
0.00510000000000003 -0.499831353343453 -0.5
0.00505000000000003 -0.499832600814489 -0.5
0.00500000000000003 -0.499833855545548 -0.5
0.00495000000000003 -0.499835206012719 -0.5
0.00490000000000003 -0.499836485477818 -0.5
0.00485000000000003 -0.499837772475653 -0.5
0.00480000000000003 -0.499839067537841 -0.5
0.00475000000000003 -0.499840370614138 -0.5
0.00470000000000003 -0.499841682597756 -0.5
0.00465000000000003 -0.499843003437679 -0.5
0.00460000000000003 -0.499844333689716 -0.5
0.00455000000000003 -0.499845673643745 -0.5
0.00450000000000003 -0.499847023983433 -0.5
0.00445000000000003 -0.499848385177839 -0.5
0.00440000000000003 -0.499849757796116 -0.5
0.00435000000000003 -0.499851142273216 -0.5
0.00430000000000003 -0.499852539557922 -0.5
0.00425000000000003 -0.499853950202531 -0.5
0.00420000000000004 -0.499855375281536 -0.5
0.00415000000000004 -0.499856815323313 -0.5
0.00410000000000004 -0.499850974825451 -0.5
0.00405000000000004 -0.499850652709717 -0.5
0.00400000000000004 -0.499852162837642 -0.5
0.00395000000000004 -0.499853666863015 -0.5
0.00390000000000004 -0.499855165727336 -0.5
0.00385000000000004 -0.499856660011921 -0.5
0.00380000000000004 -0.499858150248217 -0.5
0.00375000000000004 -0.49985963713701 -0.5
0.00370000000000004 -0.49986112132485 -0.5
0.00365000000000004 -0.499862603213676 -0.5
0.00360000000000004 -0.499864083245939 -0.5
0.00355000000000004 -0.499865562000466 -0.5
0.00350000000000004 -0.499867039953442 -0.5
0.00345000000000004 -0.499868517614045 -0.5
0.00340000000000004 -0.499869753983168 -0.5
0.00335000000000004 -0.499871288624948 -0.5
0.00330000000000004 -0.49987282623855 -0.5
0.00325000000000003 -0.499874367346107 -0.5
0.00320000000000003 -0.499875912606411 -0.5
0.00315000000000003 -0.499877512232172 -0.5
0.00310000000000003 -0.499879098505804 -0.5
0.00305000000000003 -0.49988069190365 -0.5
0.00300000000000003 -0.499881003177662 -0.5
0.00295000000000003 -0.499882585524467 -0.5
0.00290000000000003 -0.499883942445728 -0.5
0.00285000000000003 -0.499885575646933 -0.5
0.00280000000000003 -0.499887284030965 -0.5
0.00275000000000003 -0.499888954240698 -0.5
0.00270000000000003 -0.499896880288876 -0.5
0.00265000000000003 -0.499898495946183 -0.5
0.00260000000000003 -0.499900871243645 -0.5
0.00255000000000003 -0.499902500250007 -0.5
0.00250000000000003 -0.499904539770964 -0.5
0.00245000000000003 -0.4999062747735 -0.5
0.00240000000000003 -0.499908079348281 -0.5
0.00235000000000003 -0.499909976398802 -0.5
0.00230000000000003 -0.499911999403481 -0.5
0.00225000000000003 -0.499923731963199 -0.5
0.00220000000000003 -0.499921860444715 -0.5
0.00215000000000003 -0.499920911379634 -0.5
0.00210000000000003 -0.499920536374382 -0.5
0.00205000000000003 -0.499921136430499 -0.5
0.00200000000000003 -0.499921852983578 -0.5
0.00195000000000003 -0.499922788512597 -0.5
0.00190000000000003 -0.499923439091347 -0.5
0.00185000000000003 -0.499923997541961 -0.5
0.00180000000000003 -0.499921900117269 -0.5
0.00175000000000003 -0.499923589404429 -0.5
0.00170000000000003 -0.499923526584858 -0.5
0.00165000000000003 -0.499924249863301 -0.5
0.00160000000000003 -0.499925644257626 -0.5
0.00155000000000003 -0.499926389521061 -0.5
0.00150000000000003 -0.499927139064544 -0.5
0.00145000000000003 -0.499927892678433 -0.5
0.00140000000000003 -0.499928650608397 -0.5
0.00135000000000003 -0.49992941363728 -0.5
0.00130000000000003 -0.499930183181848 -0.5
0.00125000000000003 -0.499930961242736 -0.5
0.00120000000000003 -0.49992779634486 -0.5
0.00115000000000003 -0.499929174681643 -0.5
0.00110000000000003 -0.499933187550534 -0.5
0.00105000000000003 -0.499933861912701 -0.5
0.00100000000000003 -0.499934103512147 -0.5
0.000950000000000033 -0.499936265023759 -0.5
0.000900000000000033 -0.499939801714171 -0.5
0.000850000000000033 -0.499940600534562 -0.5
0.000800000000000033 -0.499941359000318 -0.5
0.000750000000000033 -0.499937933274731 -0.5
0.000700000000000033 -0.499938428676879 -0.5
0.000650000000000033 -0.499933529882286 -0.5
0.000600000000000033 -0.499933711825814 -0.5
0.000550000000000033 -0.499927217894893 -0.5
0.000500000000000033 -0.499928813875124 -0.5
0.000450000000000033 -0.499931841303789 -0.5
0.000400000000000033 -0.499930713121657 -0.5
0.000350000000000033 -0.499934824829749 -0.5
0.000300000000000033 -0.49993895942576 -0.5
0.000250000000000033 -0.499945091256278 -0.5
0.000200000000000033 -0.499952443078383 -0.5
0.000150000000000033 -0.499947004377354 -0.5
0.000100000000000033 -0.499946965257934 -0.5
5.00000000000331E-05 -0.499938333596641 -0.5
