0.05 0.0950655616178774 0.0951229424500714
0.1 0.180862082623457 0.180967483607192
0.15 0.258067372460114 0.258212392927517
0.2 0.327315182252232 0.327492301231193
0.25 0.389197889651994 0.389400391535702
0.3 0.444269026620109 0.444490932409031
0.35 0.493045659073778 0.493281662803099
0.4 0.536010626837428 0.536256036828512
0.45 0.573614651861362 0.573865336459596
0.5 0.606278322228856 0.606530659712633
0.55 0.634393959052045 0.634644791418535
0.6 0.658327372959858 0.658573963312832
0.65 0.678419516506008 0.678659509789321
0.7 0.694988038470469 0.695219425307973
0.75 0.708328745692788 0.708549829111522
0.8 0.718716977759019 0.718926342587555
0.85 0.72640889956493 0.726605384312835
0.9 0.73164271649555 0.731825387533078
0.95 0.734639816694116 0.734807944563552
1 0.735605844641288 0.735758882342885
1.05 0.734731710027214 0.734869273133426
1.1 0.732194535673995 0.732316384135775
1.15 0.728158548053499 0.728264569571822
1.2 0.722775913744704 0.722866108589285
1.25 0.716187524985106 0.716261992150475
1.3 0.708523737291645 0.708582661888433
1.35 0.699905061957475 0.699948703743907
1.4 0.690442816071196 0.690471499036498
1.45 0.680239732554358 0.680253835472013
1.5 0.669390532570658 0.669390480445289
1.55 0.657982462525805 0.657968718862903
1.6 0.646095797750123 0.646068857582897
1.65 0.633804314836101 0.633764698448488
1.7 0.621175734490028 0.621123981779298
1.75 0.608272136650055 0.608208802076558
1.8 0.595150349522242 0.595075997597712
1.85 0.581862314091065 0.581777515360422
1.9 0.568455425571032 0.568360753046013
1.95 0.554972853181407 0.554868879187403
2 0.541453839546043 0.541341132946451
2.05 0.527933980944932 0.527813104709997
2.1 0.514445489572888 0.514316998662524
2.15 0.501017438893639 0.500881878426037
2.2 0.487675993114263 0.487533896794269
2.25 0.474444621745135 0.47429651052839
2.3 0.461344300154196 0.461190681124897
2.35 0.448393696971193 0.448235062413083
2.4 0.435609349147376 0.43544617578918
2.45 0.423005825428902 0.422838573846915
2.5 0.41059587895754 0.410424993119494
2.55 0.39839058967029 0.398216496605881
2.6 0.386399497129851 0.386222606714536
2.65 0.374630724380513 0.374451429220277
2.7 0.363091093388819 0.362909768794649
2.75 0.351786232595137 0.351603236636892
2.8 0.340720677070973 0.340536350701221
2.85 0.329897961747378 0.329712628986579
2.9 0.31932070815197 0.319134676327162
2.95 0.308990705065947 0.308804265095751
3 0.298908983487734 0.298722410207184
3.05 0.289075886266703 0.28888943878596
3.1 0.279491132748469 0.279305054840058
3.15 0.270153878752646 0.269968399262353
3.2 0.261062772184531 0.260878105461544
3.25 0.25221600456385 0.252032350906193
3.3 0.243611358736507 0.243428904848184
3.35 0.23524625301902 0.235065172475662
3.4 0.227117782010083 0.226938235730217
3.45 0.219222754289285 0.219044891008669
3.5 0.211557727209507 0.211381683956229
3.55 0.204119038976772 0.2039449415451
3.6 0.196902838199337 0.196730801620506
3.65 0.189905111076526 0.189735240084914
3.7 0.183121706387224 0.182954095880511
3.75 0.176548358427937 0.176383093920068
3.8 0.170180708040956 0.170017866106859
3.85 0.164014321864322 0.163853970575504
3.9 0.158044709927001 0.157886909277274
3.95 0.152267341704855 0.152112144025557
4 0.14667766074567 0.146525111109873
4.05 0.141271097964606 0.141121234579897
4.1 0.136043083704932 0.135895938294442
4.15 0.130989058652858 0.130844656824292
4.2 0.126104483689495 0.125962845292013
4.25 0.121384848757669 0.121245988226494
4.3 0.1168256808162 0.116689607504928
4.35 0.112422550949562 0.112289269450175
4.4 0.108171080696364 0.108040591147002
4.45 0.104066947655927 0.103939246036519
4.5 0.100105890428292 0.0999809688441808
4.55 0.0962837129393465 0.0961615598930591
4.6 0.0925962881992532 0.0924768888506289
4.65 0.0890395615391807 0.0889228979540546
4.7 0.0856095533682549 0.0854956047559407
4.75 0.0823023614898229 0.082191104429646
4.8 0.0791141630134456 0.0790055716705922
4.85 0.0760412158965287 0.0759352622274899
4.9 0.0730798601471607 0.0729765140950585
4.95 0.0702265187175261 0.070125748397616
5 0.0674776981152047 0.0673794699908547
5.05 0.0648299887577395 0.0647342678071894
5.1 0.0622800650940539 0.0621868149682595
5.15 0.0598246855146056 0.0597338686864741
5.2 0.0574606920705894 0.057372269975912
5.25 0.0551850100210186 0.0550989431914045
5.3 0.0529946472251364 0.0529108954132483
5.35 0.050886693396312 0.0508052156937028
5.4 0.0488583192323733 0.0487790741802168
5.45 0.0469067754361948 0.0468297211292005
5.5 0.0450293916393099 0.0449544858231047
5.55 0.0432235752403284 0.043150775402585
5.6 0.0414868101690266 0.0414160736246088
5.65 0.0398166555861153 0.0397479395565071
5.7 0.0382107445278958 0.0381440062151725
5.75 0.0366667825042673 0.0366019791598612
5.8 0.0351825460578555 0.0351196350463594
5.85 0.0337558812913846 0.0336948201496324
5.9 0.0323847023698133 0.0323254488614668
5.95 0.0310669900031966 0.0310095021690611
6 0.0298007899157106 0.0297450261199963
6.05 0.0285842113057971 0.0285301302785318
6.1 0.0274154253019307 0.0273629861777268
6.15 0.0262926634180957 0.0262418257714638
6.2 0.0252142160126717 0.0251649398900671
6.25 0.0241784307540651 0.0241306767028464
6.3 0.0231837110960922 0.0231374401905642
6.35 0.0222285147658097 0.0221836886305162
6.4 0.0213113522662027 0.0212679330966264
6.45 0.0204307853958742 0.0203887359766972
6.5 0.0195854257876384 0.0195447095087084
6.55 0.0187739334676927 0.0187345143378331
6.6 0.017995015436834 0.0179568580956322
6.65 0.0172474242749952 0.0172104940026958
6.7 0.0165299567702007 0.0164942194958246
6.75 0.0158414525728745 0.0158068748806809
6.8 0.0151807928762896 0.0151473420106893
6.85 0.0145468991238072 0.0145145429928342
6.9 0.013938731743429 0.0139074389208694
6.95 0.0133552889100739 0.0133250286363469
7 0.0127956053358808 0.0127663475177632
7.05 0.0122587510887495 0.0122304662980287
7.1 0.0117438304392387 0.0117164899103758
7.15 0.0112499807358661 0.0112235563627463
7.2 0.0107763713087809 0.0107508356406242
7.25 0.0103222024017155 0.010297528638217
7.3 0.00988670413206532 0.00986286611783012
7.35 0.00946913547889096 0.00944610769722669
7.4 0.00906878329859405 0.00904654086471767
7.45 0.00868496136797173 0.00866348002168696
7.5 0.00831700945432069 0.0082962655522175
7.55 0.00796429241222745 0.00794426291945255
7.6 0.00762619930665297 0.00760686178829728
7.65 0.00730214256189443 0.00728347517404072
7.7 0.00699155713598532 0.00697353861645667
7.75 0.006693899720076 0.00667650937892316
7.8 0.0064086479623215 0.00639186567208467
7.85 0.00613529971578956 0.00611910590156825
7.9 0.00587337230989174 0.00585774793925359
7.95 0.00562240184483118 0.00560732841758927
8 0.00538194250855474 0.00536740204644019
8.05 0.00515156591569188 0.00513754095194737
8.1 0.00493086046796004 0.00491733403687764
8.15 0.00471943073551459 0.00470638636193971
8.2 0.0045168968587212 0.00450431854754313
8.25 0.00432289396982992 0.00431076619547751
8.3 0.00413707163403208 0.004125379329992
8.35 0.00395909330938477 0.0039478218577583
8.4 0.00378863582509166 0.00377777104620465
8.45 0.00362538887763386 0.00361491701971347
8.5 0.0034690545442505 0.00345896227318095
8.55 0.00331934681327483 0.0033096212024434
8.6 0.00317599113083864 0.00316661965108236
8.65 0.00303872396346541 0.00302969447312749
8.7 0.00290729237608026 0.00289859311118482
8.75 0.00278145362497302 0.00277307318952565
8.8 0.00266097476525956 0.00265290212168039
8.85 0.00254563227239503 0.00253785673209039
8.9 0.00243521167730185 0.0024277228913798
8.95 0.00232950721468462 0.00232229516481899
9 0.0022283214841132 0.00222137647356023
9.05 0.00213146512346509 0.00212477776823604
9.1 0.00203875649432732 0.00203231771452009
9.15 0.00195002137896808 0.0019438223902602
9.2 0.00186509268849756 0.00185912499380252
9.25 0.00178381018184733 0.0017780655631358
9.3 0.00170602019520696 0.00170049070549402
9.35 0.00163157538156621 0.00162625333706533
9.4 0.0015603344600205 0.00155521243246469
9.45 0.00149216197450671 0.00148723278363692
9.5 0.00142692806164573 0.00142218476786631
9.55 0.00136450822737709 0.00135994412457784
9.6 0.00130478313208041 0.00130039174062439
9.65 0.00124763838388675 0.00124341344376306
9.7 0.00119296433989233 0.00118889980403251
9.75 0.00114065591499514 0.00113674594275194
9.8 0.00109061239808365 0.00108685134887067
9.85 0.00104273727531529 0.00103911970240562
9.9 0.000996938060230074 0.000993458704712271
9.95 0.000953126130452994 0.000949779915342358
10 0.00091121657074664 0.000907998595249697
10.05 0.000871128022182832 0.00086803355611286
10.1 0.000832782537209752 0.000829807015551073
10.15 0.000796105440398197 0.000793244458016874
10.2 0.000761025194657671 0.000758274501156184
10.25 0.000727473272719973 0.000724828767433405
10.3 0.000695384033694633 0.000692841760825811
10.35 0.000664694604507131 0.000662250748398166
10.4 0.00063534476603719 0.000632995646574795
10.45 0.000607276843780677 0.000605018911932621
10.5 0.000580435602864636 0.00057826543634469
10.55 0.000554768147250897 0.000552682446309589
10.6 0.00053022382296936 0.000528219406307867
10.65 0.000506754125227628 0.000504827926032117
10.7 0.000484312609249007 0.00048246167134274
10.75 0.000462854804696117 0.000461076278806667
10.8 0.000442338133542428 0.000440629273681314
10.85 0.000422721831258919 0.000421079991211034
10.9 0.000403966871187821 0.000402389501108016
10.95 0.00038603589198001 0.000384520535094218
11 0.000368893127977072 0.000367437417385405
11.05 0.000352504342423401 0.000351105998002636
11.1 0.000336836763397823 0.000335493588800781
11.15 0.000321859022358354 0.00032056890210765
11.2 0.000307541095197549 0.000306301991871253
11.25 0.000293854245709721 0.000292664197216521
11.3 0.000280770971374965 0.000279628088316414
11.35 0.000268264951368442 0.00026716741448595
11.4 0.000256310996706819 0.000255257054411073
11.45 0.000244885002447038 0.000243872968427575
11.5 0.000233963901855813 0.000232992152768506
11.55 0.000223525622471288 0.000222592595701565
11.6 0.000213549043981318 0.000212653235480944
11.65 0.00020401395784564 0.000203153920040981
11.7 0.000194901028592051 0.000194075368361722
11.75 0.000186191756719296 0.000185399133439205
11.8 0.000177868443142035 0.000177107566795814
11.85 0.000169914155115662 0.000169183784468573
11.9 0.00016231269358122 0.000161611634415631
11.95 0.000155048561872922 0.000154375665283506
12 0.000148106935733024 0.000147461096479877
12.05 0.000141473634580971 0.000140853789498884
12.1 0.000135135093985762 0.000134540220447933
12.15 0.000129078339292529 0.000128507453727023
12.2 0.00012329096035619 0.000122743116813519
12.25 0.00011776108733693 0.000117235376107161
12.3 0.000112477367514023 0.000111972913791847
12.35 0.000107428943076235 0.000106944905672496
12.4 0.000102605429848687 0.000102140999946886
12.45 9.79968969176689E-05 9.75512968740058E-05
12.5 9.35938471163938E-05 9.31663293019668E-05
12.55 8.93871983361925E-05 8.89770440199728E-05
12.6 8.53682656290303E-05 8.49747839003073E-05
12.65 8.1528744068616E-05 8.11512707976197E-05
12.7 7.78606923386709E-05 7.7498589174125E-05
12.75 7.43565170181938E-05 7.40091704205853E-05
12.8 7.10089575347669E-05 7.06757778441523E-05
12.85 6.78110717581168E-05 6.74914922953209E-05
12.9 6.4756222207265E-05 6.44496984073592E-05
12.95 6.18380628456809E-05 6.15440714226616E-05
13 5.90505264398864E-05 5.87685645815074E-05
13.05 5.63878124579588E-05 5.61173970496988E-05
13.1 5.38443754853338E-05 5.35850423625153E-05
13.15 5.1414914136233E-05 5.11662173633356E-05
13.2 4.90943604399226E-05 4.88558716161623E-05
13.25 4.68778696818602E-05 4.66491772721385E-05
13.3 4.47608106806026E-05 4.45415193709515E-05
13.35 4.27387564821305E-05 4.25284865588116E-05
13.4 4.0807475454001E-05 4.06058622054391E-05
13.45 3.89629227624584E-05 3.8769615903218E-05
13.5 3.72012322163316E-05 3.70158953323703E-05
13.55 3.55187084622114E-05 3.53410184766647E-05
13.6 3.39118195160412E-05 3.37414661748225E-05
13.65 3.23771896168694E-05 3.22138749933871E-05
13.7 3.09115923891026E-05 3.0755030407421E-05
13.75 2.95119443001637E-05 2.93618602759565E-05
13.8 2.81752984010038E-05 2.80314285996687E-05
13.85 2.6898838337437E-05 2.67609295487624E-05
13.9 2.56798726207707E-05 2.55476817495632E-05
13.95 2.45158291466812E-05 2.43891228187844E-05
14 2.34042499517466E-05 2.32828041348999E-05
14.05 2.23427861974939E-05 2.22263858364965E-05
14.1 2.13291933722365E-05 2.1217632037903E-05
14.15 2.03613267013895E-05 2.02544062527983E-05
14.2 1.94371367573404E-05 1.93346670168928E-05
14.25 1.8554665260324E-05 1.84564637011503E-05
14.3 1.77120410621136E-05 1.76179325073767E-05
14.35 1.69074763046839E-05 1.68172926383455E-05
14.4 1.61392627463286E-05 1.60528426349604E-05
14.45 1.54057682480382E-05 1.53229568732722E-05
14.5 1.47054334132407E-05 1.46260822144688E-05
14.55 1.40367683743053E-05 1.39607348012505E-05
14.6 1.33983497194842E-05 1.33254969942796E-05
14.65 1.27888175542368E-05 1.2719014442661E-05
14.7 1.22068726911386E-05 1.21399932826674E-05
14.75 1.165127396282E-05 1.15871974591691E-05
14.8 1.11208356526196E-05 1.10594461644604E-05
14.85 1.06144250378597E-05 1.05556113894052E-05
14.9 1.01309600408703E-05 1.00746155820361E-05
14.95 9.66940698309361E-06 9.61542940895193E-06
15 9.22877843780344E-06 9.17706961505477E-06
15.05 8.80813117715904E-06 8.75859697735997E-06
15.1 8.4065642095015E-06 8.35911434879322E-06
15.15 8.02321690297164E-06 7.97776478806453E-06
15.2 7.65726719169809E-06 7.61372977187596E-06
15.25 7.30792986096407E-06 7.26622748588054E-06
15.3 6.97445490791571E-06 6.93451119096307E-06
15.35 6.65612597452206E-06 6.61786766156106E-06
15.4 6.35225884963789E-06 6.31561569288473E-06
15.45 6.06220003715635E-06 6.02710467403026E-06
15.5 5.78532538736722E-06 5.75171322410953E-06
15.55 5.52103878876151E-06 5.4888478886437E-06
15.6 5.26877091764123E-06 5.23794189358646E-06
15.65 5.02797804300756E-06 4.99845395445637E-06
15.7 4.79814088430933E-06 4.76986713816654E-06
15.75 4.57876351973817E-06 4.55168777524412E-06
15.8 4.36937234285675E-06 4.34344442023161E-06
15.85 4.16951506544208E-06 4.14468685815778E-06
15.9 3.97875976451756E-06 3.95498515505713E-06
15.95 3.79669397163521E-06 3.77392875060465E-06
16 3.62292380255346E-06 3.60112559101629E-06
16.05 3.45707312553634E-06 3.43620130044565E-06
16.1 3.29878276657683E-06 3.27879838918464E-06
16.15 3.14770974992088E-06 3.12857549704889E-06
16.2 3.00352657233914E-06 2.98520667039943E-06
16.25 2.86592050966092E-06 2.84838067131918E-06
16.3 2.73459295414953E-06 2.71780031752786E-06
16.35 2.60925878136018E-06 2.59318185167979E-06
16.4 2.4896457451804E-06 2.47425433874891E-06
16.45 2.37549389981014E-06 2.36075909026139E-06
16.5 2.26655504749259E-06 2.25244911419051E-06
16.55 2.1625922108586E-06 2.14908858938012E-06
16.6 2.06337912879754E-06 2.05045236341268E-06
16.65 1.96869977481475E-06 1.9563254728851E-06
16.7 1.87834789688114E-06 1.8665026851011E-06
16.75 1.79212657782422E-06 1.78078806023218E-06
16.8 1.70984781535131E-06 1.69899453304073E-06
16.85 1.63133212083553E-06 1.62094351329864E-06
16.9 1.55640813603333E-06 1.54646450407268E-06
16.95 1.48491226693872E-06 1.4753947370844E-06
17 1.41668833401435E-06 1.40757882438696E-06
17.05 1.35158723807273E-06 1.3428684256347E-06
17.1 1.28946664111307E-06 1.28112193025297E-06
17.15 1.23019066144956E-06 1.22220415384624E-06
17.2 1.17362958249622E-06 1.16598604821174E-06
17.25 1.11965957460131E-06 1.11234442435357E-06
17.3 1.06816242935111E-06 1.06116168791899E-06
17.35 1.01902530578836E-06 1.01232558650399E-06
17.4 9.7214048801512E-07 9.6572896829978E-07
17.45 9.27405153673211E-07 9.21269551574929E-07
17.5 8.84721152817722E-07 8.78849704510394E-07
17.55 8.43994796720519E-07 8.38376234925884E-07
17.6 8.05136656161063E-07 7.99760189456397E-07
17.65 7.68061368781473E-07 7.62916661757336E-07
17.7 7.32687455101428E-07 7.27764609335199E-07
17.75 6.98937142806412E-07 6.94226678618693E-07
17.8 6.6673619893991E-07 6.62229037902192E-07
17.85 6.36013769646494E-07 6.3170121780971E-07
17.9 6.06702227128408E-07 6.02575958943204E-07
17.95 5.78737023493184E-07 5.74789066393912E-07
18 5.52056551184139E-07 5.48279270809655E-07
18.05 5.2660200969925E-07 5.22988095724711E-07
18.1 5.02317278317004E-07 4.98859730871835E-07
18.15 4.79148794560268E-07 4.75840911208503E-07
18.2 4.57045438141217E-07 4.53880801401336E-07
18.25 4.35958420141742E-07 4.3293088552405E-07
18.3 4.1584117719469E-07 4.12944861735176E-07
18.35 3.96649270441731E-07 3.93878541712153E-07
18.4 3.78340289053605E-07 3.75689754628392E-07
18.45 3.6087375810805E-07 3.58338255469366E-07
18.5 3.44211050629824E-07 3.41785637492912E-07
18.55 3.28315303605962E-07 3.25995248647573E-07
18.6 3.13151337797694E-07 3.10932111771135E-07
18.65 2.98685581178475E-07 2.96562848399437E-07
18.7 2.84885995835123E-07 2.82855606023116E-07
18.75 2.71722008176381E-07 2.69779988637202E-07
18.8 2.59164442300142E-07 2.57306990435396E-07
18.85 2.47185456377225E-07 2.45408932507489E-07
18.9 2.35758481915954E-07 2.340594024047E-07
18.95 2.24858165777832E-07 2.2323319644377E-07
19 2.14460314820421E-07 2.12906264626416E-07
19.05 2.04541843049082E-07 2.0305565805627E-07
19.1 1.95080721164498E-07 1.93659478740711E-07
19.15 1.86055928398008E-07 1.84696831670042E-07
19.2 1.77447406531565E-07 1.76147779071264E-07
19.25 1.69236016003797E-07 1.67993296738333E-07
19.3 1.61403494008033E-07 1.60215232345151E-07
19.35 1.53932414492393E-07 1.52796265651792E-07
19.4 1.46806149976068E-07 1.45719870518406E-07
19.45 1.40008835099766E-07 1.38970278645179E-07
19.5 1.33525331831979E-07 1.32532444960308E-07
19.55 1.27341196256254E-07 1.2639201458149E-07
19.6 1.21442646867991E-07 1.20535291279795E-07
19.65 1.15816534312528E-07 1.14949207377932E-07
19.7 1.10450312499302E-07 1.09621295018025E-07
19.75 1.05332011029861E-07 1.0453965873691E-07
19.8 1.00450208880226E-07 9.96929492897558E-08
19.85 9.57940092808623E-08 9.50703386654805E-08
19.9 9.13530157399967E-08 9.06614962399735E-08
19.95 8.71173091585094E-08 8.64565660155696E-08
20 8.30774259869387E-08 8.24461448975423E-08
20.05 7.92243373773679E-08 7.86212619605996E-08
20.1 7.55494292850943E-08 7.49733586604912E-08
20.15 7.2044483477008E-08 7.14942699478517E-08
20.2 6.87016594055548E-08 6.81762062433445E-08
20.25 6.55134769090074E-08 6.50117362350173E-08
20.3 6.24727997005431E-08 6.19937704605403E-08
20.35 5.95728196103188E-08 5.91155456386904E-08
20.4 5.6807041546346E-08 5.63706097160451E-08
20.45 5.41692691415181E-08 5.37528075963963E-08
20.5 5.16535910556119E-08 5.12562675218564E-08
20.55 4.92543679024944E-08 4.88753880760332E-08
20.6 4.69662197741134E-08 4.66048257809913E-08
20.65 4.47840143341307E-08 4.44394832609933E-08
20.7 4.27028554552874E-08 4.23744979472397E-08
20.75 4.07180723757593E-08 4.04052312989897E-08
20.8 3.88252093508809E-08 3.85272585175619E-08
20.85 3.70200157776853E-08 3.67363587307776E-08
20.9 3.52984367707258E-08 3.50285056264241E-08
20.95 3.36566041686222E-08 3.33998585142873E-08
21 3.20908279517022E-08 3.184675379723E-08
21.05 3.05975880520006E-08 3.03656968326758E-08
21.1 2.91735265377236E-08 2.89533541667063E-08
21.15 2.78154401550991E-08 2.76065461237817E-08
21.2 2.65202732113055E-08 2.63222397358713E-08
21.25 2.52851107829122E-08 2.50975419955122E-08
21.3 2.41071722349673E-08 2.39296934180177E-08
21.35 2.29838050365454E-08 2.28160618987307E-08
21.4 2.19124788592095E-08 2.17541368518533E-08
21.45 2.08907799454532E-08 2.07415236180003E-08
21.5 1.99164057347807E-08 1.9775938128205E-08
21.55 1.89871597356357E-08 1.88552018126649E-08
21.6 1.81009466319307E-08 1.79772367430483E-08
21.65 1.72557676134321E-08 1.71400609976872E-08
21.7 1.64497159197497E-08 1.63417842394732E-08
21.75 1.56809725881394E-08 1.55806034967318E-08
21.8 1.49478023957742E-08 1.48547991377943E-08
21.85 1.42485499875618E-08 1.41627310304107E-08
21.9 1.35816361809901E-08 1.35028348775474E-08
21.95 1.29455544398713E-08 1.28736187215005E-08
22 1.23388675092195E-08 1.22736596086233E-08
22.05 1.17602042038518E-08 1.17016004073148E-08
22.1 1.12082563436365E-08 1.11561467722558E-08
22.15 1.06817758286341E-08 1.06360642481935E-08
22.2 1.01795718476802E-08 1.01401755068854E-08
22.25 9.70050821425338E-09 9.66735771110163E-09
22.3 9.24350082374849E-09 9.21653999986581E-09
22.35 8.8075152265415E-09 8.78670108937711E-09
22.4 8.39156431148545E-09 8.37686698431225E-09
22.45 7.99470609471928E-09 7.986108794447E-09
22.5 7.61604160890166E-09 7.61354065176809E-09
22.55 7.2547128882023E-09 7.25831772346657E-09
22.6 6.90990104459286E-09 6.91963431641523E-09
22.65 6.5808244311802E-09 6.59672206893197E-09
22.7 6.26673688851546E-09 6.28884822582445E-09
22.75 5.96692606999456E-09 5.99531399289344E-09
22.8 5.68071184263955E-09 5.71545296724717E-09
22.85 5.40744475971579E-09 5.44862963994628E-09
22.9 5.14650460179755E-09 5.19423796765738E-09
22.95 4.89729898304536E-09 4.95170001014579E-09
23 4.65926201960172E-09 4.72046463058287E-09
23.05 4.43185305714838E-09 4.50000625578167E-09
23.1 4.21455545479843E-09 4.28982369360696E-09
23.15 4.00687542262087E-09 4.08943900493139E-09
23.2 3.80834091021271E-09 3.89839642763052E-09
23.25 3.61850054384678E-09 3.71626135022358E-09
23.3 3.43692260982975E-09 3.54261933287703E-09
23.35 3.26319408180726E-09 3.3770751735923E-09
23.4 3.09691968984932E-09 3.21925201749899E-09
23.45 2.93772102924176E-09 3.06879050727005E-09
23.5 2.78523570699661E-09 2.92534797276666E-09
23.55 2.63911652417767E-09 2.78859765810681E-09
23.6 2.49903069221643E-09 2.65822798443506E-09
23.65 2.36465908146846E-09 2.53394184674921E-09
23.7 2.23569550033141E-09 2.41545594321591E-09
23.75 2.11184600331339E-09 2.30250013547837E-09
23.8 1.99282822650394E-09 2.19481683852871E-09
23.85 1.8783707489607E-09 2.09216043878259E-09
23.9 1.76821247858156E-09 1.99429673905649E-09
23.95 1.66210206108645E-09 1.90100242920768E-09
24 1.55979731078358E-09 1.81206458125397E-09
24.05 1.46106466184302E-09 1.7272801678443E-09
24.1 1.36567863884577E-09 1.64645560300382E-09
24.15 1.27342134541875E-09 1.56940630412563E-09
24.2 1.18408196980602E-09 1.49595627422963E-09
24.25 1.09745630626369E-09 1.42593770355297E-09
24.3 1.0133462912009E-09 1.35919058958049E-09
24.35 9.31559553021306E-10 1.29556237466387E-09
24.4 8.51908974649917E-10 1.2349076004178E-09
24.45 7.7421226775747E-10 1.17708757811858E-09
24.5 6.98291557720395E-10 1.12197007436632E-09
24.55 6.23972978377618E-10 1.06942901130598E-09
24.6 5.51086275666814E-10 1.01934418073468E-09
24.65 4.79464419241909E-10 9.71600971453942E-10
24.7 4.08943221190853E-10 9.26090109254992E-10
24.75 3.39360960987882E-10 8.82707408953246E-10
24.8 2.70558015827763E-10 8.41353537915296E-10
24.85 2.02376495500861E-10 8.01933790547147E-10
24.9 1.34659880977286E-10 7.64357873236981E-10
24.95 6.7252665875945E-11 7.28539699269135E-10
