1 117 5
2 100 5
3 88 5
4 72 5
6 53 5
9 29.5 1
10 25.2 1
13 15.2 1
15 11.1 1


0 141.333899083703 136.920420587809 145.889641183156
0.125 138.326429065958 133.939390447127 142.857160348902
0.25 135.382955555536 131.023263267315 139.887713051064
0.375 132.502116758994 128.170625981704 136.979989066451
0.5 129.682579860741 125.3800962889 134.13270540634
0.625 126.923040406417 122.650321982963 131.344605750377
0.75 124.222221699384 119.979980298166 128.614459892245
0.875 121.578874210065 117.367777268028 125.941063196852
1 118.991774997856 114.812447098294 123.323236068808
1.125 116.459727145328 112.312751553567 120.759823431942
1.25 113.98155920448 109.867479357304 118.249694219646
1.375 111.556124654767 107.47544560486 115.791740875808
1.5 109.182301372666 105.135491189326 113.38487886612
1.625 106.858991112527 102.846482239855 111.028046199544
1.75 104.58511899847 100.607309572229 108.720202959721
1.875 102.359633027098 98.4168881513763 106.460330846131
2 100.181503580786 96.2741565655996 104.247432724777
2.125 98.0497229513322 94.178076512247 102.080532188219
2.25 95.9633048737437 92.1276322945828 99.958673124747
2.375 93.9212840699411 90.1218303296111 97.8809192965116
2.5 91.9227158021745 88.1596986666159 95.8463539264239
2.625 89.9666754359424 86.2402865161833 93.8540792936413
2.75 88.052258012211 84.3626637894776 91.9032163374624
2.875 86.1785778287356 82.5259206475491 89.9929042694539
3 84.3447680302931 80.7291670604532 88.1223001936422
3.125 82.5499802076314 78.9715323759687 86.2905787345974
3.25 80.7933840049552 77.2521648977072 84.4969316732492
3.375 79.0741667357626 75.5702314724057 82.7405675902732
3.5 77.3915330068572 73.9249170862068 81.0207115168887
3.625 75.7447043503609 72.3154244697272 79.3366045929153
3.75 74.1329188635562 70.7409737117251 77.6875037319384
3.875 72.5554308563938 69.2008018811793 76.0726812934328
4 71.0115105065002 67.6941626575959 74.4914247617028
4.125 69.500443521526 66.2203259693637 72.9430364314958
4.25 68.0215308086803 64.7785776399841 71.4268331001499
4.375 66.5740881512961 63.3682190420025 69.9421457661418
4.5 65.1574458922784 61.988566758475 68.4883193338998
4.625 63.7709486242891 60.6389522518049 67.0647123247528
4.75 62.4139548865228 59.3187215397903 65.670696593888
4.875 61.0858368679368 58.0272348787235 64.3056570531915
5 59.785980116795 56.763866453391 62.9689913998498
5.125 58.5137832563924 55.5280040738224 61.6601098505931
5.25 57.26865770683 54.3190488786417 60.3784348814626
5.375 56.0500274127081 53.1364150448774 59.1234009729866
5.5 54.857328576616 51.9795295040901 57.894454360654
5.625 53.6900093982919 50.8478316646816 56.6910527905739
5.75 52.5475298193329 49.7407731402483 55.5126652802143
5.875 51.4293612733382 48.6578174838509 54.3587718841148
6 50.3349864413687 47.5984399280675 53.2288634644678
6.125 49.2638990126101 46.562127130708 52.1224414664697
6.25 48.2156034501289 45.5483769260636 51.0390176983412
6.375 47.189614761613 44.5566980815727 49.9781141159201
6.5 46.1854582749911 43.5866100597847 48.9392626117315
6.625 45.202669418826 42.6376427855056 47.9220048084427
6.75 44.2407935073815 41.7093364180147 46.9258918566112
6.875 43.2993855302629 40.8012411282387 45.9504842366365
7 42.3780099465333 39.9129168807793 44.9953515648293
7.125 41.4762404832115 39.0439332206844 44.0600724035108
7.25 40.5936599380576 38.1938690648635 43.14423407506
7.375 39.7298599865547 37.3623124980431 42.2474324798261
7.5 38.8844409929982 36.5488605731653 41.3692719178253
7.625 38.0570118256055 35.7531191161319 40.5093649141449
7.75 37.2471896755587 34.9747025347994 39.6673320479752
7.875 36.4545998798994 34.2132336321331 38.8428017851964
8 35.678875748191 33.4683434234285 38.0354103144447
8.125 34.9196583928701 32.7396709575129 37.2448013865859
8.25 34.1765965632078 32.026863141839 36.4706261575263
8.375 33.449346482804 31.3295745713874 35.7125430342902
8.5 32.7375716905399 30.6474673612935 34.9702175242975
8.625 32.0409428849145 29.9802109831188 34.2433220877739
8.75 31.3591377716941 29.3274821046872 33.5315359932288
8.875 30.6918409148032 28.6889644334074 32.8345451759378
9 30.0387435903886 28.0643485630079 32.152042099366
9.125 29.3995436439885 27.4533318236073 31.4837256194726
9.25 28.7739453507418 26.8556181350503 30.8293008518355
9.375 28.1616592785708 26.2709178634361 30.1884790415382
9.5 27.5624021542762 25.6989476807705 29.5609774357607
9.625 26.9758967324813 25.1394304276735 28.9465191590199
9.75 26.4018716673647 24.5920949790769 28.3448330910017
9.875 25.8400613871225 24.0566761128449 27.7556537469339
10 25.2902059711021 23.5329143812556 27.1787211604449
10.125 24.7520510295504 23.0205559852805 26.6137807688575
10.25 24.2253475859203 22.5193526516013 26.0605833008668
10.375 23.7098519616826 22.029061512304 25.5188846665538
10.5 23.2053256635884 21.5494449871927 24.9884458496833
10.625 22.7115352733303 21.0802706686652 24.4690328022428
10.75 22.2282523395521 20.6213112090956 23.9604163411716
10.875 21.7552532721558 20.1723442106685 23.4623720472377
11 21.2923192388586 19.7331521176115 22.9746801660161
11.125 20.8392360639496 19.3035221107746 22.4971255109252
11.25 20.3957941292025 18.8832460045043 22.0294973682799
11.375 19.9617882768956 18.4721201457634 21.5715894043164
11.5 19.5370177148964 18.0699453154465 21.1231995741512
11.625 19.1212859237647 17.6765266318451 20.6841300326318
11.75 18.7144005658338 17.2916734562131 20.2541870470403
11.875 18.3161733962255 16.9151993003895 19.833180911612
12 17.926420175759 16.5469217364322 19.4209258638308
12.125 17.5449605857129 16.186662308218 19.017240002464
12.25 17.171618144401 15.8342464449693 18.6219452073012
12.375 16.8062201255233 15.4895033766615 18.2348670605618
12.5 16.4485974782546 15.1522660512736 17.8558347699354
12.625 16.0985847490331 14.8223710538397 17.4846810932227
12.75 15.756020005014 14.4996585272628 17.1212422645421
12.875 15.420744759151 14.1839720948534 16.7653579220709
13 15.092603896873 13.8751587845537 16.4168710372875
13.125 14.7714456043203 13.5730689548123 16.0756278456857
13.25 14.4571212981082 13.277556222072 15.7414777789279
13.375 14.1494855565851 12.9884773898375 15.4142733984092
13.5 13.8483960525537 12.7056923792858 15.0938703302028
13.625 13.553713487423 12.429064161389 14.7801272013566
13.75 13.2653015267625 12.158458690514 14.4729055775151
13.875 12.983026737227 11.8937448394679 14.172069901837
14 12.7067585248241 11.6347943359578 13.8774874351829
14.125 12.4363690744949 11.381481700434 13.5890281975462
14.25 12.1717332909806 11.1336841852865 13.3065649107015
14.375 11.9127287409474 10.891281715365 13.0299729420449
14.5 11.6592355963431 10.6541568297945 12.7591302496019
14.625 11.4111365789583 10.4221946250567 12.4939173281781
14.75 11.1683169061686 10.1952826993121 12.2342171566293
14.875 10.9306642378297 9.97331109793271 11.9799151462282
15 10.6980686243044 9.75617226022176 11.7308990901032


