0.01 3.04156771498756 -0.00498584982764977
0.03 3.04136850533996 -0.0149301320832527
0.0606330586302586 3.04067832050822 -0.0301294376014921
0.0914913554150228 3.03951211653439 -0.0454651487131702
0.122457580469538 3.03786479579461 -0.0609518304615505
0.153512481402353 3.03572866799094 -0.0766538881067325
0.184622303872782 3.03309621712377 -0.0926292510484839
0.215754105849188 3.02995959363025 -0.108936542453738
0.246874390957537 3.0263107697069 -0.125633925572042
0.277949920422043 3.02214155308592 -0.142779048974973
0.308948246478399 3.01744359756408 -0.160428879762428
0.339838230027473 3.01220839063581 -0.178639577718327
0.37059049377153 3.0064272226025 -0.197466401018486
0.401177791606776 3.00009114123924 -0.216963643188048
0.431575279278087 2.99319089785931 -0.237184596162071
0.461760690684592 2.98571688857912 -0.25818153956636
0.491714415414743 2.97765909753503 -0.280005744970673
0.521419501854756 2.96900704253395 -0.302707499172483
0.550861577992927 2.95974973173226 -0.326336125280883
0.580028733480723 2.94987562541025 -0.350940017230304
0.60891134990173 2.9393726118093 -0.376566661711418
0.637501911980228 2.92822799185684 -0.403262657596389
0.665794815497916 2.91642846971089 -0.431073735097942
0.693786159357424 2.90396015662439 -0.460044751923603
0.721473551591439 2.89080857860027 -0.4902196848857
0.748855924615457 2.87695868994423 -0.521641607298404
0.77593337140291 2.8623948870572 -0.55435266117286
0.802706977331759 2.84710103554631 -0.588393991435616
0.829178713777202 2.8310604736041 -0.623805722264124
0.855351303853789 2.81425603857852 -0.660626867637441
0.881228131089639 2.79667007691295 -0.698895263255473
0.906813158285036 2.77828445302872 -0.738647482756561
0.932110870231907 2.75908054582235 -0.779918761122729
0.957126229162367 2.73903923695811 -0.822742914124807
0.981864634210929 2.71814089613787 -0.867152241119418
1.00633191560486 2.69636533531049 -0.91317746898283
1.03053432664064 2.67369175702502 -0.960847680696701
1.05447854758871 2.65009868361022 -1.0101902545574
1.0782318537788 2.62550002387482 -1.06136327199706
1.10202579038464 2.59961345269026 -1.11492319765554
1.12583597341021 2.57240531659534 -1.1709000803807
1.14966807009725 2.54380833678906 -1.2293868911316
1.17352563999676 2.51375461511098 -1.29046974549198
1.19741400698894 2.48217101185707 -1.35423613830738
1.22134018297873 2.44897870052632 -1.42077427981216
1.24531320645207 2.41409209618732 -1.49017339997698
1.26934463426419 2.37741736342552 -1.56252449422598
1.2934490798177 2.33885058094728 -1.63792123278649
1.31764498538118 2.29827518856529 -1.71646160374085
1.34195559810045 2.25555860819693 -1.79825024869634
1.36641031712407 2.21054755795755 -1.88340205854163
1.39104657550315 2.16306144869005 -1.97204763724249
1.41591254973155 2.11288282911202 -2.06434170889991
1.44107123577057 2.05974303425523 -2.16047646724114
1.46660683432314 2.00329975453301 -2.26070341344327
1.492635434483 1.94309980982826 -2.36537126049697
1.51932417286106 1.8785129292923 -2.47499603779257
1.54692923959361 1.80860172736023 -2.59040393777249
1.57588261151944 1.73182824555723 -2.71306508372924
1.60703868726966 1.64522937309351 -2.84606269519315
1.64259686429387 1.54132892680169 -2.99775177706673
1.67707519259007 1.43545930985876 -3.14301674153251
1.71160732767965 1.32446360079903 -3.28472036823678
1.74038719958304 1.22828319092316 -3.39834089887451
1.7668881938511 1.13689026164449 -3.49810607874222
1.79209557066871 1.04757181059745 -3.5876276538826
1.81644100965144 0.959236253760631 -3.6681742691388
1.84019770598581 0.871222228239991 -3.74031065757324
1.86356532695165 0.783058772259809 -3.8042444669182
1.88595484355586 0.697264875982586 -3.8582794508957
1.9073598879993 0.614189232991759 -3.90275560048098
1.92804316947956 0.533084368169703 -3.93859244880357
1.94816503174289 0.453541321224876 -3.96634142092137
1.96785160571248 0.375248533795423 -3.98639369734169
1.9872043492961 0.297967153017392 -3.99902707842493
2.00630878253369 0.221505034538867 -4.00443889713224
2.0252397352261 0.145701918213083 -4.00276520183183
2.04406501999311 0.0704193703770684 -3.99409247303898
2.06284815591723 -0.00446632640295777 -3.9784644807597
2.08165057867548 -0.0790696417633242 -3.95588568470482
2.10053359984031 -0.153500350152763 -3.92632184049326
2.11956032512452 -0.227867718034705 -3.88969799870899
2.13879773241133 -0.302284816890556 -3.84589366427635
2.15831914173743 -0.376873490613417 -3.79473441226908
2.17820739349108 -0.45177066229218 -3.73597859878055
2.19855924718063 -0.527137104059522 -3.66929664919958
2.21949187410633 -0.603170573768186 -3.59423831567235
2.24115312331169 -0.680127078262898 -3.51017887607844
2.26373899494069 -0.758358026654388 -3.4162255309776
2.28752632558274 -0.838381797746619 -3.31104026969793
2.31294214605895 -0.921040297453746 -3.19246177846831
2.33985976318627 -1.00521606448741 -3.06093344617767
2.36702779827637 -1.08651327438411 -2.92306986475442
2.39499028331681 -1.16621508993475 -2.77692701836341
2.42404991424176 -1.24466214231747 -2.62162264202743
2.45474053632456 -1.3225698129454 -2.45499578969073
2.48800740966031 -1.4012099852508 -2.2726422858527
2.52180279560571 -1.47487407139021 -2.08676233509585
2.55585000662657 -1.5427391843128 -1.89991402375917
2.59097042476008 -1.60609869334273 -1.70850296755281
2.62509525038032 -1.66125458963677 -1.52445429534395
2.65599911066792 -1.70581654108236 -1.35979553781044
2.68527665397477 -1.74336838294089 -1.20576466228599
2.71337208515208 -1.77519051569586 -1.0598347068144
2.74050546838582 -1.80205550422293 -0.920670646967567
2.7673251674182 -1.8249218981209 -0.784798009613783
2.79425967820706 -1.84424068004378 -0.649966736711546
2.82133845149782 -1.86002326554794 -0.515962894133326
2.84862181250809 -1.87227530651901 -0.382402880742969
2.87615301170509 -1.88096367113363 -0.248975216089269
2.90396677690065 -1.88602830524346 -0.115397553625811
2.93208985764628 -1.88738728775377 0.0185853094017992
2.96054228113935 -1.88494133715922 0.153205773786689
2.98933874647945 -1.87857733833917 0.288677053660854
3.01849085874769 -1.86817051978261 0.425199196712205
3.04801089808607 -1.85358412904176 0.562970592675835
3.07791801254898 -1.83466450357297 0.702209016305116
3.10824825431075 -1.81122790083528 0.843188751107293
3.13907080219885 -1.78303275427057 0.986304453925179
3.17051576418939 -1.74972449576808 1.13218583414795
3.20384623835148 -1.70941353879416 1.28664186105015
3.23958019063976 -1.66048286112531 1.45188837757119
3.2791300798081 -1.59945607389062 1.63399732809777
3.31779723671251 -1.53285312936999 1.81064503345119
3.35615348499172 -1.46007671675708 1.98366824063239
3.38971652897894 -1.39099427265106 2.1324225214351
3.42089044709253 -1.32240317921807 2.26756736331938
3.45038607761997 -1.25367565760232 2.39199196668273
3.48010695296835 -1.18077140105103 2.51316241283539
3.50834728844394 -1.10822796465799 2.6235781275528
3.53558383531363 -1.03537815984707 2.72493148377417
3.56204397824565 -0.962034227806222 2.81781987159834
3.58790900102543 -0.888041280795718 2.90259695233081
3.61332662904107 -0.813273385453082 2.97943030788588
3.63770225387222 -0.739817001448753 3.0464733718518
3.66100815266242 -0.66813317768426 3.10397023933588
3.68350092990609 -0.597753567442892 3.15289461965356
3.70534065922336 -0.528435906315725 3.19385127506466
3.72665464493264 -0.459994161333945 3.2272870049106
3.74754561762431 -0.392287386755776 3.25353385186524
3.76809976583087 -0.325204109793231 3.27284226754937
3.78839160824129 -0.258653645804354 3.28540129067046
3.80848739268931 -0.192560251246582 3.29135175798731
3.82844755847188 -0.1268591184689 3.29079501387166
3.84832863548627 -0.0614934586186258 3.28379858583163
3.86818478341774 0.00358768237266573 3.27039965591089
3.88806913064612 0.0684311726168308 3.25060680585808
3.90803502291093 0.133081284797628 3.22440026588727
3.92813727480859 0.197581061637986 3.19173072134735
3.94843352230033 0.261973692588368 3.15251655981211
3.96898578491095 0.326304030696012 3.10663925663151
3.98986238366612 0.390620420799369 3.0539363413051
4.01114043060611 0.454977096371081 2.9941909861436
4.03290921774926 0.519437522136256 2.92711662572484
4.05527507133117 0.584079386271522 2.85233380702555
4.07836864329405 0.649002431558293 2.76933431349067
4.10235657685755 0.714341715776973 2.6774227641765
4.12746141159652 0.780291412707897 2.57561581808028
4.15399888082967 0.847152011698953 2.4624522630273
4.18245695371903 0.915436034727566 2.3355894189419
4.21369777771422 0.986153412278946 2.19077133555202
4.2496715255969 1.06187593770107 2.01818476110631
4.29233956369504 1.14351023985337 1.80736669245651
4.33068590272832 1.20911714354938 1.61394536301631
4.37000601876197 1.26863663488882 1.41318098051208
4.40464326945451 1.31450525559558 1.23522531275284
4.43737902140878 1.35218326279877 1.06671153077314
4.47046172397086 1.38465730165643 0.896546849894179
4.502679948462 1.41087881352007 0.731298034926519
4.53507236516945 1.43188594201091 0.565880870463835
4.56779940853983 1.44768330318429 0.39969064654158
4.60107371679338 1.45818685780342 0.231839111300087
4.63508493808455 1.46317241077141 0.0615577779107224
4.67003273530775 1.46228739698913 -0.11195010683131
4.7061553900921 1.45502915091054 -0.289624792842215
4.74379159367406 1.44067516135735 -0.472808518657611
4.7835371763197 1.41807688326891 -0.663916418378975
4.82676212057976 1.38494127635472 -0.868684797950093
4.87865573758068 1.3335865733975 -1.10955944786288
4.93707369526566 1.26103594960329 -1.37269529147929
4.97774239791454 1.20159354899945 -1.54958518823422
5.01382242960587 1.14293305229399 -1.70119054209443
5.04755550641551 1.08323059468977 -1.83757479618511
5.07960803515874 1.02232860533655 -1.96159071036318
5.11038070738499 0.96020761271946 -2.07480493882654
5.13806226669819 0.901427813896678 -2.17113044335574
5.1644726583129 0.842933041393833 -2.25762505670082
5.19110122839962 0.781719026234905 -2.33896992342185
5.21647933450917 0.721439453194245 -2.41054096323098
5.24097436631984 0.661607479978398 -2.4736872855128
5.26472264564031 0.60219329064435 -2.52897198405151
5.28784899835449 0.543141980198654 -2.57686710132093
5.31045502830868 0.484415975301178 -2.61773633119806
5.33262705754398 0.425985976656247 -2.65186704617933
5.35443990204146 0.367829064365725 -2.67948767831223
5.37595973193297 0.309927097797059 -2.70078016277867
5.39724620326901 0.252265612831206 -2.71588875035455
5.41835407720438 0.194833113863597 -2.7249262858444
5.43933453007505 0.137620529676288 -2.72797870158853
5.46023622687923 0.080620858170381 -2.72510814345284
5.4811062511673 0.0238289110205735 -2.71635503445926
5.50199094781456 -0.0327588674935807 -2.70173924890046
5.52293672723582 -0.0891445307004885 -2.68126048925936
5.54399086947382 -0.145328711497784 -2.65489789745561
5.5652023751106 -0.20131067824075 -2.62260886617426
5.58662290968784 -0.257088370965438 -2.5843269512156
5.60830790537505 -0.312658440931818 -2.53995869375901
5.63031789435896 -0.368016297118466 -2.48937906067808
5.65272019629535 -0.423156211133848 -2.43242501151212
5.67559111634685 -0.47807149745768 -2.36888647350781
5.69901893313683 -0.532754895054059 -2.29849349042727
5.72310809015169 -0.587199270002572 -2.22089760336607
5.74798534756149 -0.641398993693253 -2.13564397876902
5.77380922763192 -0.695352600531193 -2.04212803835721
5.80078533301916 -0.749068003203746 -1.93952449817717
5.82919315561565 -0.802573533465855 -1.8266625894198
5.85943749424451 -0.855942684496182 -1.7017859096681
5.89122982512437 -0.907899978979678 -1.56606176486555
5.92155983345418 -0.953389313246605 -1.43304535483534
5.95086304726972 -0.993465871351862 -1.30186573708224
5.97924430043378 -1.02858730986051 -1.17282040378642
6.00679049968147 -1.05915178434436 -1.04611508273177
6.03355069164593 -1.0854872295749 -0.921997955919544
6.06007650463609 -1.10830418152132 -0.798267053323291
6.08666538526823 -1.12787527915762 -0.673807703978304
6.11333307510443 -1.14417731383219 -0.548784371606713
6.14012348876534 -1.15719709975922 -0.423210786773209
6.1670716607356 -1.1669022784963 -0.297128951685019
6.19420955303843 -1.17324751674129 -0.170587592890589
6.22156669106874 -1.17617627961544 -0.0436446131468359
6.24917188148689 -1.17562221515338 0.0836353560274266
6.27705544719899 -1.17150930952103 0.211185206990693
6.30525233294271 -1.16375024159722 0.33894247031713
6.33380647572621 -1.15224199803984 0.466860237066656
6.36277705462425 -1.13685729317369 0.594923305092754
6.39224782642609 -1.11742930373823 0.723172610789324
6.42234198579928 -1.09372496472025 0.851744385396191
6.45324799857997 -1.06539660938314 0.980938979856224
6.48527038830641 -1.03188649044942 1.11135921034283
6.51984755014456 -0.991087060599645 1.24772697834081
6.5526879166086 -0.948050411177982 1.37239674801241
6.58397427634261 -0.903319179793176 1.48622555134907
6.61387698418538 -0.857312529659797 1.59000432558094
6.64256469054168 -0.810331247099155 1.68448799644288
6.67019069782183 -0.762597590947387 1.77034135550575
6.69689070104252 -0.714279177792428 1.84813348159138
6.722783563696 -0.665505233230664 1.91834504063024
6.74797328515478 -0.616377497461868 1.98137989028852
6.77255121812986 -0.566977645033292 2.03757692417597
6.79659813649047 -0.517372474924934 2.08722060647282
6.82018602261366 -0.467617665065048 2.13054982066508
6.84337964135752 -0.417760409958762 2.16776524789456
6.86623781865505 -0.367841479917586 2.19903524650176
6.88881455314049 -0.317896722467486 2.22450063280258
6.91115993883811 -0.267958273761481 2.24427845692993
6.93332096956916 -0.21805549922688 2.2584649998921
6.95534223947251 -0.168215764943743 2.26713809950719
6.97726656087449 -0.118465099530987 2.27035891191704
6.99913553561037 -0.0688287517733879 2.2681731927586
7.020990087622 -0.0193316991005399 2.26061214297996
7.04287098089973 0.0300008832328364 2.24769285395708
7.06481933671209 0.0791431638195373 2.22941836471994
7.08687717423513 0.128068202151378 2.20577732061814
7.10908799098019 0.176747473663054 2.17674320458149
7.13149740734175 0.225150354060862 2.14227308789925
7.15415391286537 0.273243557384825 2.10230580145251
7.17710975158128 0.320990496360299 2.05675939182374
7.2004219997936 0.368350531548539 2.00552766529183
7.22415392253965 0.415278088397283 1.94847550493379
7.24837672501893 0.461721595490743 1.88543250066702
7.27317188460469 0.507622199775651 1.81618416033547
7.29863434146356 0.552912174467489 1.74045957202134
7.32487702008911 0.597512935517411 1.65791361287225
7.35203750501745 0.64133257270515 1.56810036647155
7.3792008439183 0.682661561482163 1.47426569678711
7.40573907699533 0.720530802983495 1.37913830416407
7.43172703981587 0.755129269840003 1.28306462674333
7.45716809692861 0.786549052724953 1.18656597593557
7.48207039545145 0.814899789622663 1.09008203468237
7.50643660581315 0.840293622563908 0.994014812920234
7.53029926905289 0.862877356056337 0.898593380973121
7.55420171389729 0.88320250798369 0.801918384527157
7.57810070481169 0.901203579763306 0.70438318216352
7.60202258460201 0.916879185687794 0.606089193842345
7.62598387153389 0.930217439000648 0.507165937476553
7.65000111038061 0.941204490394267 0.407733570131968
7.6740898037836 0.949823957132807 0.307909555049473
7.69826478040996 0.956057364379747 0.207809405147999
7.72254047937644 0.959884431585743 0.107547757642026
7.74693134418413 0.961283261581739 0.00723903885990996
7.771452312659 0.960230357386084 -0.0930021563396721
7.79611942117534 0.956700399674098 -0.193060958650471
7.82095054708312 0.950665705938843 -0.292822376635148
7.84596631794026 0.942095277266047 -0.39217167292231
7.87119122152278 0.930953321119119 -0.490994897614531
7.89665501201787 0.917197086085896 -0.589179672601265
7.92239449743504 0.900773791434391 -0.686616145376373
7.94845590224436 0.881616303854384 -0.78319824787704
7.9748981404558 0.859636970542338 -0.878825570185646
8.00179751707027 0.834718631004901 -0.973406211435732
8.02925488547015 0.806700970421614 -1.06686167797044
8.05786640016339 0.774826065100972 -1.16060939763272
8.08703833048818 0.739624851747184 -1.25201959347815
8.11525334051193 0.703102844474162 -1.3360721375794
8.14273875970337 0.665305858665919 -1.41349831451767
8.16954764258076 0.626449757342629 -1.4844774747068
8.19574721013041 0.586698629812356 -1.54922611320232
8.22139942845407 0.546194315583524 -1.60793855101627
8.24656277243416 0.505058144349064 -1.6607912614464
8.27129209652035 0.463394895162477 -1.70794238107162
8.29563887684091 0.421295794114183 -1.74953248481806
8.31965151356819 0.378841011122492 -1.78568564725069
8.34337568515362 0.336101698866421 -1.81651064818978
8.36685470542741 0.293141699706862 -1.84210215234824
8.39012988269903 0.250018969551317 -1.86254181388267
8.41324087335174 0.206786777943749 -1.87789926014977
8.436226031025 0.163494726010516 -1.88823293111739
8.45912274137679 0.120189642134518 -1.89359075463227
8.48196775576275 0.0769163688170411 -1.89401066023138
8.50479752330609 0.0337184775705091 -1.88952092284328
8.52764852992543 -0.00936106961506085 -1.88014033146461
8.55055765048505 -0.0522792892221344 -1.86587817293118
8.57356252285805 -0.09499255607104 -1.84673401667351
8.59670195534567 -0.137455976294761 -1.82269727842567
8.620016381851 -0.179622735392969 -1.79374652964498
8.64354838145592 -0.221443398681686 -1.75984850694796
8.66734329008981 -0.262865148228074 -1.72095674854342
8.69144992962943 -0.303830916829743 -1.67700977017225
8.71592150710504 -0.344278399653202 -1.62792862955447
8.74081674919304 -0.384138901684023 -1.57361366683355
8.76620136367974 -0.423335959427876 -1.51394011456098
8.79214999101597 -0.461783689558555 -1.44875205108935
8.81789301242125 -0.498204498888608 -1.38019606149839
8.84315036194072 -0.53217830418219 -1.30946758394159
8.86795724506901 -0.563768506582752 -1.23694007173969
8.89231548099366 -0.593003266662197 -1.16303849603247
8.91622878027477 -0.61992427940323 -1.08814687045646
8.93969828403594 -0.644579986629926 -1.01262267057418
8.96272242481358 -0.667024963991789 -0.936799545461843
8.98566783640209 -0.68763873056262 -0.859732908339498
9.00858013820888 -0.706442975069233 -0.781476863684841
9.03146959470851 -0.72342508715447 -0.702191237147629
9.05435018448235 -0.738575972765509 -0.622014116127553
9.07723489546695 -0.751885747864966 -0.541078905550711
9.10013632192711 -0.763344172770824 -0.459513542171572
9.12306667396474 -0.772940624949655 -0.377441709691006
9.14603786332369 -0.780664136080702 -0.294983786609847
9.16906163624578 -0.786503441603891 -0.212257629459885
9.19214971958894 -0.790447009786502 -0.12937932380122
9.2153140109015 -0.792483043527638 -0.0464638099934728
9.23856679900068 -0.792599430523557 0.036374545407438
9.26192102054333 -0.790783625490806 0.119021423421239
9.28539057050164 -0.787022443802437 0.201362098377608
9.30899065932316 -0.781301743485181 0.283280982212927
9.33273823334 -0.773605971522399 0.364661165449406
9.35665248107946 -0.763917540587761 0.44538395380008
9.38075542832959 -0.752216003003389 0.525328305413922
9.40507268070914 -0.738476959609634 0.604370226790763
9.42963435755849 -0.722670622977234 0.682382072278326
9.45447626397276 -0.704759937396655 0.759231622701471
9.47964148286519 -0.684698034233184 0.834781114780991
9.50518250856021 -0.662424772338751 0.908885976440923
9.53116428424813 -0.637861845845966 0.981393408293079
9.55766866934255 -0.610905622558842 1.05214077906775
9.58514827569901 -0.581027102412078 1.12180914310478
9.61248271448138 -0.54946092232747 1.18713635144597
9.6392564887184 -0.516865597794136 1.24704012119824
9.66556750880345 -0.483325711980317 1.30174795842824
9.69145660096621 -0.448973318369639 1.35134863115529
9.71696822406396 -0.413920226906032 1.39593655638681
9.74214417467246 -0.378267739996548 1.43559716255413
9.7670245166468 -0.342107356172145 1.47040843235269
9.79164769502701 -0.305522338617476 1.50044087152307
9.81605076424681 -0.268588968036086 1.52575774482395
9.84026958619781 -0.231377697944219 1.54641529728955
9.8643390529508 -0.193954152459112 1.56246300725372
9.88829329575353 -0.156380043986542 1.57394380576608
9.91216591070243 -0.118713984354453 1.58089427242046
9.93599018180613 -0.0810122388316714 1.58334477623069
9.95979931811591 -0.043329416991983 1.58131955733457
9.98362669803012 -0.00571913164828305 1.57483673377345
10 0.0200115229696585 1.5678182731684
