1 0
2 1
3 2
4 4
5 16
6 16
7 4
8 2
9 1
10 0


1 0 0.837735849056604 0
1.125 0.105033903301887 0.845341981132075 0.00655471513856132
1.25 0.211969339622642 0.86816037735849 0.0263377063679245
1.375 0.322707841981132 0.906191037735849 0.0597055111291274
1.5 0.439150943396226 0.959433962264151 0.107252358490566
1.625 0.563200176886792 1.0278891509434 0.169810169147995
1.75 0.696757075471698 1.11155660377358 0.248448555424528
1.875 0.841723172169811 1.21043632075472 0.344474821270637
2 1 1.32452830188679 0.459433962264151
2.125 1.17158755896226 1.40819575471698 0.59504924270342
2.25 1.34887971698113 1.41580188679245 0.752568543632075
2.375 1.52236880896226 1.34734669811321 0.932110710863797
2.5 1.68254716981132 1.20283018867925 1.13260613207547
2.625 1.81990713443396 0.982252358490566 1.35179673680719
2.75 1.92494103773585 0.68561320754717 1.58623599646226
2.875 1.98814121462264 0.312912735849057 1.83128892430719
3 2 -0.135849056603773 2.0811320754717
3.125 1.96056898584906 -0.43125 2.32905227373231
3.25 1.90813679245283 -0.343867924528301 2.57073260613208
3.375 1.89055129716981 0.126297169811321 2.80753841760024
3.5 1.95566037735849 0.979245283018868 3.04681603773585
3.625 2.15131191037736 2.21497641509434 3.30189278080778
3.75 2.52535377358491 3.83349056603774 3.59207694575472
3.875 3.12563384433962 5.83478773584906 3.94265781618514
4 4 8.2188679245283 4.38490566037736
4.125 5.17558962264151 10.488679245283 4.95542452830189
4.25 6.59669811320755 12.1471698113208 5.68903301886792
4.375 8.18691037735849 13.1943396226415 6.61164504716981
4.5 9.86981132075472 13.6301886792453 7.73962264150943
4.625 11.5689858490566 13.4547169811321 9.07977594339623
4.75 13.2080188679245 12.6679245283019 10.6293632075472
4.875 14.7104952830189 11.2698113207547 12.3760908018868
5 16 9.26037735849058 14.2981132075472
5.125 17.0128537735849 6.94528301886792 16.3644310141509
5.25 17.736320754717 4.63018867924528 18.5392688679245
5.375 18.1704009433962 2.31509433962264 20.7864534198113
5.5 18.3150943396226 0 23.0698113207547
5.625 18.1704009433962 -2.31509433962264 25.3531692216981
5.75 17.736320754717 -4.63018867924528 27.6003537735849
5.875 17.0128537735849 -6.94528301886792 29.7751916273585
6 16 -9.26037735849056 31.8415094339623
6.125 14.7104952830189 -11.2698113207547 33.7635318396226
6.25 13.2080188679245 -12.6679245283019 35.5102594339623
6.375 11.5689858490566 -13.4547169811321 37.0598466981132
6.5 9.86981132075472 -13.6301886792453 38.4
6.625 8.18691037735849 -13.1943396226415 39.5279775943396
6.75 6.59669811320755 -12.1471698113208 40.4505896226415
6.875 5.17558962264151 -10.488679245283 41.1841981132076
7 4 -8.2188679245283 41.7547169811321
7.125 3.12563384433962 -5.83478773584906 42.1969648253243
7.25 2.52535377358491 -3.83349056603774 42.5475456957547
7.375 2.15131191037736 -2.21497641509434 42.8377298607016
7.5 1.95566037735849 -0.979245283018869 43.0928066037736
7.625 1.89055129716981 -0.126297169811323 43.3320842239092
7.75 1.90813679245283 0.343867924528299 43.5688900353774
7.875 1.96056898584906 0.431249999999997 43.8105703677771
8 2 0.135849056603769 44.0584905660377
8.125 1.98814121462264 -0.312912735849057 44.3083337172022
8.25 1.92494103773585 -0.68561320754717 44.5533866450472
8.375 1.81990713443396 -0.982252358490566 44.7878259047022
8.5 1.68254716981132 -1.20283018867925 45.007016509434
8.625 1.52236880896226 -1.34734669811321 45.2075119306456
8.75 1.34887971698113 -1.41580188679245 45.3870540978774
8.875 1.17158755896226 -1.40819575471698 45.544573398806
9 1 -1.32452830188679 45.6801886792453
9.125 0.841723172169811 -1.21043632075472 45.7951478202388
9.25 0.696757075471698 -1.11155660377358 45.8911740860849
9.375 0.563200176886792 -1.0278891509434 45.9698124723614
9.5 0.439150943396227 -0.959433962264151 46.0323702830189
9.625 0.322707841981132 -0.906191037735849 46.0799171303803
9.75 0.211969339622642 -0.86816037735849 46.1132849351415
9.875 0.105033903301887 -0.845341981132075 46.1330679263709


1 0
2 0
3 0
4 0
5 0
6 1
7 1
8 1
9 1
10 1


1 0 0.0065359477124183 0
1.125 0.00080422794117647 0.00622957516339869 5.06631689133987E-05
1.25 0.00153186274509804 0.00531045751633987 0.000197865604575163
1.375 0.0021063112745098 0.00377859477124183 0.00042724609375
1.5 0.00245098039215686 0.00163398692810457 0.000714869281045751
1.625 0.00248927696078431 -0.00112336601307189 0.0010272256689134
1.75 0.00214460784313725 -0.00449346405228758 0.00132123161764706
1.875 0.00134037990196078 -0.00847630718954248 0.00154422934538399
2 0 -0.0130718954248366 0.00163398692810457
2.125 -0.0018765318627451 -0.0164419934640523 0.00152109183517157
2.25 -0.0039828431372549 -0.0167483660130719 0.00115527982026144
2.375 -0.0059359681372549 -0.0139910130718954 0.000531763812295751
2.5 -0.00735294117647059 -0.00816993464052287 -0.000306372549019608
2.625 -0.00785079656862745 0.000714869281045754 -0.00126817491319444
2.75 -0.00704656862745098 0.0126633986928105 -0.00221481821895425
2.875 -0.00455729166666666 0.0276756535947712 -0.00295960669424019
3 1.73472347597681E-18 0.0457516339869281 -0.00326797385620915
3.125 0.00670189950980392 0.0595383986928104 -0.00286705665339052
3.25 0.0143995098039216 0.0616830065359477 -0.00155101102941176
3.375 0.0216375612745098 0.0521854575163399 0.000713672513276144
3.5 0.0269607843137255 0.0310457516339869 0.00377859477124183
3.625 0.0289139093137255 -0.0017361111111111 0.00731344784007353
3.75 0.0260416666666667 -0.0461601307189542 0.0108060151143791
3.875 0.0168887867647059 -0.102226307189542 0.0135621712877859
4 0 -0.169934640522876 0.0147058823529412
4.125 -0.0249310661764706 -0.22171160130719 0.0132151086345997
4.25 -0.0536151960784314 -0.229983660130719 0.00831673815359477
4.375 -0.0806142769607843 -0.194750816993464 -0.000118480009191176
4.5 -0.100490196078431 -0.116013071895425 -0.0115400326797386
4.625 -0.107804840686274 0.0062295751633987 -0.0247176425908905
4.75 -0.0971200980392157 0.171977124183007 -0.0377412683823529
4.875 -0.0629978553921569 0.381229575163399 -0.0480211046006944
5 2.77555756156289E-17 0.633986928104575 -0.0522875816993464
5.125 0.0949754901960784 0.874183006535948 -0.046664368872549
5.25 0.215686274509804 1.04575163398693 -0.0274714052287582
5.375 0.353553921568627 1.14869281045752 0.00797206903594774
5.5 0.5 1.18300653594771 0.0612745098039216
5.625 0.646446078431372 1.14869281045752 0.132972069035948
5.75 0.784313725490196 1.04575163398693 0.222528594771242
5.875 0.905024509803921 0.874183006535948 0.328335631127451
6 1 0.633986928104575 0.447712418300654
6.125 1.06299785539216 0.381229575163399 0.576978895399306
6.25 1.09712009803922 0.171977124183007 0.712258731617647
6.375 1.10780484068627 0.00622957516339873 0.850282357409109
6.5 1.10049019607843 -0.116013071895425 0.988459967320261
6.625 1.08061427696078 -0.194750816993464 1.12488151999081
6.75 1.05361519607843 -0.229983660130719 1.25831673815359
6.875 1.02493106617647 -0.221711601307189 1.3882151086346
7 1 -0.169934640522876 1.51470588235294
7.125 0.983111213235294 -0.102226307189542 1.63856217128779
7.25 0.973958333333333 -0.0461601307189543 1.76080601511438
7.375 0.971086090686274 -0.0017361111111111 1.88231344784007
7.5 0.973039215686274 0.0310457516339869 2.00377859477124
7.625 0.97836243872549 0.0521854575163399 2.12571367251328
7.75 0.985600490196078 0.0616830065359477 2.24844898897059
7.875 0.993298100490196 0.0595383986928105 2.37213294334661
8 1 0.0457516339869281 2.49673202614379
8.125 1.00455729166667 0.0276756535947712 2.62204039330576
8.25 1.00704656862745 0.0126633986928105 2.74778518178105
8.375 1.00785079656863 0.000714869281045749 2.87373182508681
8.5 1.00735294117647 -0.00816993464052287 2.99969362745098
8.625 1.00593596813725 -0.0139910130718954 3.1255317638123
8.75 1.00398284313725 -0.0167483660130719 3.25115527982026
8.875 1.00187653186275 -0.0164419934640523 3.37652109183517
9 1 -0.0130718954248366 3.5016339869281
9.125 0.998659620098039 -0.00847630718954248 3.62654422934538
9.25 0.997855392156863 -0.00449346405228758 3.75132123161765
9.375 0.997510723039216 -0.00112336601307189 3.87602722566891
9.5 0.997549019607843 0.00163398692810458 4.00071486928105
9.625 0.99789368872549 0.00377859477124183 4.12542724609375
9.75 0.998468137254902 0.00531045751633987 4.25019786560457
9.875 0.999195772058823 0.00622957516339869 4.37505066316891


