10 -0.225112035811216 -0.5
15 -0.437888967674354 -0.5
20 -0.482357828069965 -0.5
25 -0.492364508940893 -0.5
30 -0.494545728605193 -0.5
35 -0.494992321659314 -0.5
40 -0.495078397679874 -0.5
45 -0.495094198435418 -0.5
50 -0.495096991958638 -0.5
55 -0.495097471658577 -0.5
60 -0.495097552150656 -0.5
65 -0.495097565406126 -0.5
70 -0.495097567555417 -0.5
75 -0.495097567899388 -0.5
80 -0.495097567953824 -0.5
85 -0.495097567962358 -0.5
90 -0.495097567963687 -0.5
95 -0.495097567963889 -0.5
100 -0.49509756796392 -0.5
105 -0.495097567963925 -0.5
110 -0.495097567963926 -0.5
115 -0.495097567963926 -0.5
120 -0.495097567963926 -0.5
125 -0.495097567963927 -0.5
130 -0.495097567963925 -0.5
135 -0.495097567963923 -0.5
140 -0.495097567963927 -0.5
145 -0.495097567963924 -0.5
150 -0.495097567963926 -0.5
155 -0.495097567963925 -0.5
160 -0.495097567963925 -0.5
165 -0.495097567963928 -0.5
170 -0.495097567963925 -0.5
175 -0.495097567963918 -0.5
180 -0.495097567963924 -0.5
185 -0.495097567963924 -0.5
190 -0.495097567963923 -0.5
195 -0.495097567963925 -0.5


10 2.53788580778405 -0.125
15 0.900577278299935 -0.125
20 0.342489400042501 -0.125
25 0.107618580754623 -0.125
30 -0.00318604875346756 -0.125
35 -0.0591800713642532 -0.125
40 -0.0887730060894033 -0.125
45 -0.104875576729238 -0.125
50 -0.113784292616231 -0.125
55 -0.118741760872708 -0.125
60 -0.121491209560322 -0.125
65 -0.12299974173852 -0.125
70 -0.123814065911991 -0.125
75 -0.124245014377873 -0.125
80 -0.124468201853739 -0.125
85 -0.124581287482251 -0.125
90 -0.124637389884268 -0.125
95 -0.124664680890559 -0.125
100 -0.124677720985892 -0.125
105 -0.124683852216132 -0.125
110 -0.124686693807846 -0.125
115 -0.124687993955294 -0.125
120 -0.124688582025301 -0.125
125 -0.12468884528306 -0.125
130 -0.124688962041708 -0.125
135 -0.124689013390719 -0.125
140 -0.124689035800561 -0.125
145 -0.124689045512227 -0.125
150 -0.124689049693893 -0.125
155 -0.124689051483752 -0.125
160 -0.124689052245668 -0.125
165 -0.124689052568342 -0.125
170 -0.124689052704354 -0.125
175 -0.124689052761431 -0.125
180 -0.124689052785283 -0.125
185 -0.124689052795212 -0.125
190 -0.124689052799332 -0.125
195 -0.124689052801031 -0.125


10 7.0679720388353 -0.055
15 3.11127565812073 -0.055
20 1.62681071534411 -0.055
25 0.935752772233808 -0.055
30 0.568483232012812 -0.055
35 0.355311715304286 -0.055
40 0.223653080863488 -0.055
45 0.138544139244435 -0.055
50 0.0816028894389997 -0.055
55 0.0424959392822118 -0.055
60 0.0150979154360724 -0.055
65 -0.00438409137721872 -0.055
70 -0.0183872197887256 -0.055
75 -0.0285279554077254 -0.055
80 -0.0359076396006391 -0.055
85 -0.0412932571752978 -0.055
90 -0.0452281676384699 -0.055
95 -0.0481023213149803 -0.055
100 -0.0501982997951513 -0.055
105 -0.0517223969664397 -0.055
110 -0.0528260812569715 -0.055
115 -0.0536210573331274 -0.055
120 -0.054189958042435 -0.055
125 -0.0545940038051449 -0.055
130 -0.0548785377345171 -0.055
135 -0.0550770643265626 -0.055
140 -0.0552142283367394 -0.055
145 -0.0553080369383601 -0.055
150 -0.0553715344947749 -0.055
155 -0.0554140741200214 -0.055
160 -0.0554422859526196 -0.055
165 -0.0554608128670498 -0.055
170 -0.0554728655064496 -0.055
175 -0.0554806363426547 -0.055
180 -0.0554856042469817 -0.055
185 -0.0554887550138977 -0.055
190 -0.0554907384199793 -0.055
195 -0.0554919782609307 -0.055


