0.2 0.324721943646548 0.327492301231193
0.4 0.532416632941065 0.536256036828512
0.6 0.654715851332648 0.658573963312832
0.8 0.715651482934 0.718926342587555
1 0.733367343845164 0.735758882342885
1.2 0.721460894125617 0.722866108589285
1.4 0.690032532285973 0.690471499036498
1.6 0.6465044138113 0.646068857582897
1.8 0.59625769519104 0.595075997597712
2 0.543127097175999 0.541341132946451
2.2 0.489783487077746 0.487533896794269
2.4 0.438028813047106 0.43544617578918
2.6 0.389022543114021 0.386222606714536
2.8 0.343454676742051 0.340536350701221
3 0.301677304637174 0.298722410207184
3.2 0.263803980039585 0.260878105461544
3.4 0.229784254477197 0.226938235730217
3.6 0.199459090430529 0.196730801620506
3.8 0.172601636095317 0.170017866106859
4 0.148946837389543 0.146525111109873
4.2 0.128212558234693 0.125962845292013
4.4 0.110114353243648 0.108040591147002
4.6 0.0943754561074216 0.0924768888506289
4.8 0.0807332523124015 0.0790055716705922
5 0.0689431608942404 0.0673794699908547
5.2 0.0587806671774505 0.057372269975912
5.4 0.0500420288948788 0.0487790741802168
5.6 0.0425440824342856 0.0414160736246088
5.8 0.0361234402926258 0.0351196350463594
6 0.0306353147527389 0.0297450261199963
6.2 0.0259521160741177 0.0251649398900671
6.4 0.0219619566587989 0.0212679330966264
6.6 0.0185671392834206 0.0179568580956322
6.8 0.0156826689877537 0.0151473420106893
7 0.0132348536044024 0.0127663475177632
7.2 0.0111599839068596 0.0107508356406242
7.4 0.00940313656211125 0.00904654086471767
7.6 0.00791707180530656 0.00760686178829728
7.8 0.00666124679905015 0.00639186567208467
8 0.00560094116702704 0.00536740204644019
8.2 0.0047064645108541 0.00450431854754313
8.4 0.00395248494734628 0.00377777104620465
8.6 0.00331741017536089 0.00316661965108236
8.8 0.0027828730061033 0.00265290212168039
9 0.00233325946366362 0.00222137647356023
9.2 0.00195532058417927 0.00185912499380252
9.4 0.00163782683335689 0.00155521243246469
9.6 0.0013712659778335 0.00130039174062439
9.8 0.00114759066640898 0.00108685134887067
10 0.000959998292354698 0.000907998595249697
10.2 0.000802749334094993 0.000758274501156184
10.4 0.000671001185720731 0.000632995646574795
10.6 0.000560668366796376 0.000528219406307867
10.8 0.000468310417920388 0.000440629273681314
11 0.000391032278537779 0.000367437417385405
11.2 0.000326398923033073 0.000306301991871253
11.4 0.000272362318441542 0.000255257054411073
11.6 0.00022720024426529 0.000212653235480944
11.8 0.000189470750187892 0.000177107566795814
12 0.000157960731973335 0.000147461096479877
12.2 0.000131655488966722 0.000122743116813519
12.4 0.000109700638849769 0.000102140999946886
12.6 9.13830242822225E-05 8.49747839003073E-05
12.8 7.61045826691051E-05 7.06757778441523E-05
13 6.33661458625932E-05 5.87685645815074E-05
13.2 5.27480631099085E-05 4.88558716161623E-05
13.4 4.38984718426213E-05 4.06058622054391E-05
13.6 3.65243743665351E-05 3.37414661748225E-05
13.8 3.03825191691777E-05 2.80314285996687E-05
14 2.52691257182525E-05 2.32828041348999E-05
14.2 2.10120797634717E-05 1.93346670168928E-05
14.4 1.746885526503E-05 1.60528426349604E-05
14.6 1.45203594527937E-05 1.33254969942796E-05
14.8 1.20677530462578E-05 1.10594461644604E-05
15 1.00267158891946E-05 9.17706961505477E-06
15.2 8.32917802185744E-06 7.61372977187596E-06
15.4 6.91783359647156E-06 6.31561569288473E-06
15.6 5.74446334675667E-06 5.23794189358646E-06
15.8 4.7694268557206E-06 4.34344442023161E-06
16 3.95947676129529E-06 3.60112559101629E-06
16.2 3.28674217956217E-06 2.98520667039943E-06
16.4 2.72633985068251E-06 2.47425433874891E-06
16.6 2.26093176254462E-06 2.05045236341268E-06
16.8 1.87574573504704E-06 1.69899453304073E-06
17 1.55689729161049E-06 1.40757882438696E-06
17.2 1.29122042794336E-06 1.16598604821174E-06
17.4 1.07096003109905E-06 9.6572896829978E-07
17.6 8.88749587135859E-07 7.99760189456397E-07
17.8 7.37752863472542E-07 6.62229037902192E-07
18 6.1099831934376E-07 5.48279270809655E-07
18.2 5.06613482486118E-07 4.53880801401336E-07
18.4 4.2065276174876E-07 3.75689754628392E-07
18.6 3.49956746142196E-07 3.10932111771135E-07
18.8 2.90329195410307E-07 2.57306990435396E-07
19 2.40770601099708E-07 2.12906264626416E-07
19.2 1.99507930661178E-07 1.76147779071264E-07
19.4 1.6496890327747E-07 1.45719870518406E-07
19.6 1.35513379750614E-07 1.20535291279795E-07
19.8 1.10989373976814E-07 9.96929492897558E-08
20 9.14575954055207E-08 8.24461448975423E-08
20.2 7.54863649123158E-08 6.81762062433445E-08
20.4 6.26110187459289E-08 5.63706097160451E-08
20.6 5.23068625150096E-08 4.66048257809913E-08
20.8 4.40491133496543E-08 3.85272585175619E-08
21 3.57355893632425E-08 3.184675379723E-08
21.2 2.84166372789766E-08 2.63222397358713E-08
21.4 2.3428111613499E-08 2.17541368518533E-08
21.6 1.98965110907656E-08 1.79772367430483E-08
21.8 1.67631128963715E-08 1.48547991377943E-08
22 1.38427944295875E-08 1.22736596086233E-08
22.2 1.21602498488463E-08 1.01401755068854E-08
22.4 1.06433505069186E-08 8.37686698431225E-09
22.6 8.14429177862774E-09 6.91963431641523E-09
22.8 5.77298977739941E-09 5.71545296724717E-09
23 3.3037791838304E-09 4.72046463058287E-09
23.2 3.13869357589595E-09 3.89839642763052E-09
23.4 3.02259849325085E-09 3.21925201749899E-09
23.6 3.06382104220241E-09 2.65822798443506E-09
23.8 2.13369442947668E-09 2.19481683852871E-09
24 1.54197287525283E-09 1.81206458125397E-09
24.2 1.7599693471829E-09 1.49595627422963E-09
24.4 1.1734335257773E-09 1.2349076004178E-09
24.6 1.32487161712819E-09 1.01934418073468E-09
24.8 1.37914333754693E-09 8.41353537915296E-10
25 1.68472023549938E-09 6.94397193248201E-10
25.2 1.65818952644811E-09 5.73072531659042E-10
25.4 8.56095566397618E-10 4.72915852281874E-10
25.6 1.69717692207593E-11 3.9023949795906E-10
25.8 -8.19145709614024E-10 3.2199718021702E-10
26 7.30637102277089E-11 2.65672629459293E-10
26.2 1.08693587049505E-09 2.19187539312409E-10
26.4 4.34234300625448E-10 1.80825469043555E-10
26.6 3.84401043804227E-10 1.49168943449086E-10
26.8 1.45078569652315E-11 1.23047466078142E-10
27 1.40419910548633E-10 1.0149455609311E-10
27.2 -1.15896578725913E-09 8.37122455607863E-11
27.4 -1.26813542611546E-09 6.90417441869627E-11
27.6 -3.53505357241066E-10 5.69392021259657E-11
27.8 3.22604494511788E-11 4.69556865307169E-11
28 8.48206136600982E-10 3.87206405988651E-11
28.2 -2.01814255036996E-10 3.19282205174361E-11
28.4 -8.07569780402197E-10 2.63260104686001E-11
28.6 -1.54712961447709E-09 2.17057025059078E-11
28.8 -8.08347341314427E-10 1.78953997682502E-11
29 -6.44824177621978E-10 1.47532607547862E-11
29.2 -1.56476255099266E-09 1.21622513797641E-11
29.4 -7.80266922755636E-10 1.00258120342319E-11
29.6 5.4429038164614E-10 8.26428036922954E-12
29.8 1.75024698942551E-09 6.81193819636275E-12
30 1.42102266607493E-09 5.61457378130411E-12
30.2 1.19694476730563E-09 4.62746971498018E-12
30.4 1.34564113896415E-09 3.81374217362831E-12
30.6 6.02547939295206E-10 3.14297029134589E-12
30.8 7.18131308012135E-10 2.5900650376761E-12
31 7.01567070040178E-10 2.13433580725139E-12
31.2 1.26549654313719E-09 1.75872021029411E-12
31.4 1.22183936069774E-09 1.44914856788287E-12
31.6 9.40568761902678E-10 1.19401958428108E-12
31.8 3.92670326103799E-10 9.83767772120895E-13
32 -1.1613340058642E-09 8.10506595142027E-13
32.2 -1.0261586624402E-09 6.67734091734147E-13
32.4 -7.9844626356412E-10 5.50090053394891E-13
32.6 2.06398466188989E-10 4.53155740242611E-13
32.8 -2.09534405687474E-10 3.73288691025475E-13
33 -2.66011936011163E-10 3.07486485576824E-13
33.2 -1.23842608979123E-10 2.53274391242449E-13
33.4 -3.54255559048191E-10 2.08612710987402E-13
33.6 -3.97018769452781E-12 1.71820382339423E-13
33.8 -1.00675150755574E-10 1.4151198002111E-13
34 6.01694802521192E-10 1.16545773344857E-13
34.2 2.13112017987867E-10 9.59809005950354E-14
34.4 -3.01151576576409E-10 7.90420618967695E-14
34.6 -1.02608540494712E-09 6.50904120177503E-14
34.8 -1.79610327588706E-09 5.35995655295033E-14
35 -1.08424680094955E-09 4.41358173210289E-14
35.2 -3.02392733126242E-10 3.63418386726893E-14
35.4 5.31680715877932E-10 2.99232387910065E-14
35.6 1.77329153878077E-10 2.46374886876889E-14
35.8 -3.08991252187057E-10 2.02847925305208E-14
36 1.4586979728133E-10 1.67005643777537E-14
36.2 -2.20989016548823E-11 1.3749228236769E-14
36.4 6.41781613351522E-10 1.1319108894545E-14
36.6 6.53897612024998E-11 9.31822179417942E-15
36.8 3.35644105671746E-10 7.67080389851854E-15
37 9.7957850718059E-10 6.31445524305061E-15
37.2 1.4683621890145E-09 5.19778377045472E-15
37.4 8.01427329423555E-10 4.27846491223018E-15
37.6 -1.1596997172429E-09 3.52164294292134E-15
37.8 -7.12330497929567E-10 2.89861396053149E-15
38 -4.51510755283955E-10 2.3857409219565E-15
38.2 -9.70173784110648E-10 1.96355987990178E-15
38.4 -1.68851260536312E-09 1.6160437537364E-15
38.6 -9.82082578636993E-10 1.32999588991766E-15
38.8 -1.23927591260502E-10 1.09455054968561E-15
39 -8.56695799826126E-10 9.00761485495231E-16
39.2 -9.78908883389051E-10 7.41263083872705E-16
39.4 -5.80518696642332E-10 6.0999128535172E-16
39.6 -5.97484299839534E-10 5.01953744347971E-16
39.8 -4.70006176449701E-10 4.13040547762348E-16
40 -8.40842240218898E-10 3.39868340423327E-16
40.2 -1.1334320639654E-09 2.79651965613665E-16
40.4 -1.48154230639177E-09 2.30098767214606E-16
40.6 -7.36224248908977E-10 1.89321555463752E-16
40.8 -4.75641401051048E-10 1.55766943125425E-16
41 -1.10860458958268E-09 1.28156339525469E-16
41.2 -6.65431740627896E-10 1.05437368256143E-16
41.4 -7.30839046561672E-10 8.67438684193536E-17
41.6 -1.16634474629442E-09 7.13629638884155E-17
41.8 -1.33592240347935E-09 5.87079524603075E-17
42 -2.88607743640127E-10 4.82959870200659E-17
42.2 -2.25470313254232E-10 3.97297022513142E-17
42.4 -1.72507817322067E-11 3.26820898449378E-17
42.6 1.31377385450313E-09 2.68840482197333E-17
42.8 1.51875039390762E-09 2.21141341200543E-17
43 -4.56442383337452E-10 1.81901269232833E-17
43.2 -7.24848371027448E-10 1.49620852275744E-17
43.4 9.02342793465973E-10 1.23066318953685E-17
43.6 1.01076779152585E-09 1.01222503405603E-17
43.8 -4.63787118991441E-10 8.32541322969451E-18
44 -5.94124236113068E-10 6.84739637219774E-18
44.2 8.7494893397291E-11 5.63165659747121E-18
44.4 -6.23176312689007E-10 4.63167384281252E-18
44.6 -1.14752077719039E-09 3.80917531700119E-18
44.8 -1.05914259561126E-09 3.1326741282527E-18
45 -1.10016919330955E-09 2.57626672249445E-18
45.2 -1.2695852379019E-09 2.11864332181023E-18
45.4 -7.85208965724205E-10 1.74227365671609E-18
45.6 -8.16938719887155E-10 1.43273695705326E-18
45.8 -1.0214267073018E-09 1.17817065784513E-18
46 -8.72599507100488E-10 9.68816796894951E-19
46.2 -3.96857402055867E-10 7.96648801828209E-19
46.4 -8.7337855386702E-10 6.5506442702424E-19
46.6 -7.10347798055776E-10 5.38633121788586E-19
46.8 -5.00284640492257E-11 4.42888185990226E-19
47 4.07653528221985E-10 3.64155777096596E-19
47.2 7.0355433120524E-10 2.99414238018376E-19
47.4 2.55079181572409E-10 2.46178371882575E-19
47.6 -6.12632475322135E-10 2.02404241793663E-19
47.8 -1.15038151974512E-09 1.66410857046499E-19
48 2.47778143547715E-10 1.3681575194313E-19
48.2 1.17181600752176E-09 1.12481993886418E-19
48.4 7.5884201195464E-10 9.24745939837598E-20
48.6 7.81171879253706E-10 7.60246526256852E-20
48.8 1.33276480567823E-09 6.24998680971171E-20
49 -1.35545150704398E-10 5.13802795009619E-20
49.2 -2.00254442281499E-09 4.22383153982783E-20
49.4 -1.17711326660391E-09 3.47223842291467E-20
49.6 1.73775599009016E-09 2.8543378054943E-20
49.8 1.82204423047674E-09 2.34635726256771E-20
50 4.93454228207204E-10 1.92874984796392E-20


0.2 -0.115536676822055 -0.11516700134962
0.4 -0.186011177625433 -0.185257621589571
0.6 -0.221138924999143 -0.22001178673765
0.8 -0.228987372278544 -0.227514168056198
1 -0.216221259035908 -0.214440971240177
1.2 -0.188314278312157 -0.186272846148561
1.4 -0.149731472897357 -0.147478311014365
1.6 -0.104086171801579 -0.101671538403461
1.8 -0.0542748346265793 -0.0517478694169113
2 -0.00259268158105188 0
2.2 0.049167317542323 0.051782588119642
2.4 0.0996298634553395 0.102228705454683
2.6 0.147765233648061 0.150313081575758
2.8 0.192827959140435 0.195294831673899
3 0.234304797038564 0.236665273992293
3.2 0.271870726864664 0.274103802186188
3.4 0.305351831806222 0.307440685631612
3.6 0.334694110649583 0.336625818578153
3.8 0.359937357086639 0.361702568375216
4 0.381193396900647 0.382785986041644
4.2 0.398628018463379 0.400044741177162
4.4 0.412446090254803 0.413686229377836
4.6 0.422879342041665 0.423944375456495
4.8 0.43017644514769 0.43106972123919
5 0.434595004267488 0.435321443704854
5.2 0.436395183372334 0.43696099880863
5.4 0.435834685356284 0.436247129405015
5.6 0.433164882843684 0.433432013078436
5.8 0.428627883718614 0.428758358111149
6 0.422454392397488 0.422457283899778
6.2 0.414862211356377 0.41474684642388
6.4 0.406055270999829 0.405831090356905
6.6 0.396223091530064 0.395899527516421
6.8 0.385540582147446 0.385126956948835
7 0.374168116676552 0.373673555360204
7.2 0.362251817514476 0.361685178124726
7.4 0.34992400560383 0.349293820976001
7.6 0.337303766509604 0.336618200931673
7.8 0.324497608279033 0.323764422210583
8 0.311600174477767 0.310826699039711
8.2 0.298694988419316 0.297888112461497
8.4 0.285855225368461 0.285021382667309
8.6 0.273144472229023 0.272289642110413
8.8 0.260617490414933 0.259747197787725
9 0.248320950764797 0.247440273707624
9.2 0.236294146270433 0.235407726753532
9.4 0.224569672849973 0.223681730972911
9.6 0.213174078843155 0.212288426823223
9.8 0.202128472396634 0.201248533137489
10 0.191449094033079 0.190577920573155
10.2 0.181147852126675 0.180288146114242
10.4 0.171232814562491 0.170386948838538
10.6 0.161708669993924 0.160878707665048
10.8 0.152577146690829 0.151764862184465
11 0.143837398233778 0.143044297966223
11.2 0.135486355521953 0.134713697946378
11.4 0.127519046635786 0.12676786164494
11.6 0.119928885044393 0.119199994051572
11.8 0.112707932515704 0.112001966064726
12 0.105847134781338 0.105164548380102
12.2 0.0993365279083447 0.0986776207069003
12.4 0.093165428161911 0.0925303581509752
12.6 0.0873225977814412 0.0867113965476444
12.8 0.0817963915078754 0.08120897845801
13 0.0765748872784017 0.0760110814646091
13.2 0.0716459971448848 0.071105530318066
13.4 0.0669975668907931 0.0664800943984987
13.6 0.0626174595500701 0.0621225718657197
13.8 0.0584936318504846 0.0580208617823186
14 0.0546141907687127 0.0541630254047666
14.2 0.0509674529063482 0.0505373377507162
14.4 0.0475419808877139 0.0471323304664257
14.6 0.0443266243044324 0.0439368269372721
14.8 0.041310544791533 0.0409399705070277
15 0.0384832436286591 0.0381312465982328
15.2 0.035834573334638 0.0355004994567553
15.4 0.0333547551926041 0.0330379441785705
15.6 0.0310343829359957 0.0307341746159191
15.8 0.0288644317223447 0.0285801677032614
16 0.0268362577646745 0.0265672846907469
16.2 0.0249415982628588 0.0246872697241328
16.4 0.0231725655933475 0.022932246165063
16.6 0.0215216451816317 0.0212947110041904
16.8 0.0199816863609758 0.0197675276816071
17 0.0185458969418527 0.0183439175942601
17.2 0.0172078301085832 0.0170174505382638
17.4 0.0159613779666124 0.0157820343051094
17.6 0.0148007556031172 0.0146319036245022
17.8 0.0137204969399143 0.0135616086227581
18 0.0127154361616327 0.0125660029441816
18.2 0.0117807014546216 0.0116402316634479
18.4 0.0109116971525143 0.0107797190995675
18.6 0.0101040964397905 0.00998015662635602
18.8 0.0093538260610031 0.0092374905603238
19 0.00865705801093753 0.00854791019439712
19.2 0.00801019415319513 0.00790783603475258
19.4 0.00740985770906476 0.00731390828816987
19.6 0.00685287898535908 0.00676297563856812
19.8 0.00633628749844631 0.00625208434368457
20 0.00585729931680161 0.00577846767608028
20.2 0.00541331009730435 0.00533953572672825
20.4 0.00500188031255767 0.00493286558426914
20.6 0.00462073068649635 0.00455619189853318
20.8 0.0042677277532337 0.00420739783305325
21 0.00394088212857518 0.00388450640796872
21.2 0.00363833438604352 0.0035856722318844
21.4 0.00335835055413376 0.00330917361884976
21.6 0.0030993114492555 0.00305340508461173
21.8 0.00285970973167455 0.00281687021462632
22 0.0026381390361426 0.00259817489494891
22.2 0.002433291199621 0.002396020896025
22.4 0.00224394693001257 0.00220919979853972
22.6 0.00206897247173508 0.0020365872498253
22.8 0.00190731261935919 0.00187713753884565
23 0.00175798608918646 0.00172987847745156
23.2 0.00162008094770485 0.00159390657540826
23.4 0.00149274998852044 0.0014683824966194
23.6 0.00137520675742671 0.00135252678399231
23.8 0.00126671894474413 0.00124561584049188
24 0.00116660872322897 0.00114697815410337
24.2 0.00107424680155569 0.00105599075465384
24.4 0.000989049379281028 0.000972075890719493
24.6 0.000910475200022786 0.000894697915161182
24.8 0.000838021903147974 0.00082336036817564
25 0.000771224545041901 0.000757603247118316
25.2 0.000709652266692785 0.000697000452738918
25.4 0.000652906507009252 0.000641157401867746
25.6 0.000600616972165328 0.000589708796994962
25.8 0.000552441950773058 0.000542316543592331
26 0.000508064640486582 0.000498667806434201
26.2 0.000467191405253604 0.000458473196578906
26.4 0.000429552337723372 0.000421465081070926
26.6 0.000394896183703607 0.000387396007816087
26.8 0.000362991739740018 0.000356037238465267
27 0.000333624213484796 0.000327177382515131
27.2 0.00030659644965859 0.000300621126196359
27.4 0.000281724734198393 0.00027618805006991
27.6 0.000258841355423954 0.000253711529589405
27.8 0.000237789682398267 0.000233037713212384
28 0.000218425781118453 0.000214024572954737
28.2 0.000200616433308069 0.000196541022580861
28.4 0.000184239344530275 0.0001804660989071
28.6 0.000169180754170384 0.000165688201967825
28.8 0.000155336955732358 0.000152104390052314
29 0.000142610953962366 0.000139619725866578
29.2 0.000130913968108087 0.000128146670307771
29.4 0.000120164509275116 0.000117604520560146
29.6 0.000110286628026901 0.000107918889430993
29.8 0.000101210815522226 9.9021223043085E-05
30 9.28730714026778E-05 9.08483541871675E-05
30.2 8.52140531709163E-05 8.3342088814511E-05
30.4 7.81793165113824E-05 7.64488233157786E-05
30.6 7.17185150725563E-05 7.01191903890191E-05
30.8 6.57857246106397E-05 6.43077314468204E-05
31 6.03381024246639E-05 5.89725936510188E-05
31.2 5.53368618534792E-05 5.40752497932749E-05
31.4 5.07452494165608E-05 4.95802393617195E-05
31.6 4.65307751191413E-05 4.54549292481391E-05
31.8 4.26627439330092E-05 4.1669292657232E-05
32 3.91130816012554E-05 3.81957048796805E-05
32.2 3.58555851914734E-05 3.50087546845534E-05
32.4 3.286660412443E-05 3.20850701742178E-05
32.6 3.01245869985249E-05 2.9403158026854E-05
32.8 2.7608982346069E-05 2.69432551281677E-05
33 2.53015581697598E-05 2.4687191665287E-05
33.2 2.31847809657079E-05 2.26182648224378E-05
33.4 2.12436650440737E-05 2.07211222800848E-05
33.6 1.94635113044842E-05 1.89816547770892E-05
33.8 1.78309222081865E-05 1.73868970493359E-05
34 1.63342022169584E-05 1.59249365084577E-05
34.2 1.49620078309256E-05 1.45848290709797E-05
34.4 1.37044595750433E-05 1.33565215916427E-05
34.6 1.25513582640691E-05 1.2230780395045E-05
34.8 1.14946656363375E-05 1.11991254372782E-05
35 1.0526207601292E-05 1.0253769664101E-05
35.2 9.63895000067244E-06 9.3875631645751E-06
35.4 8.82547608987176E-06 8.59394174915391E-06
35.6 8.08029324048125E-06 7.86687960910796E-06
35.8 7.39755922672246E-06 7.20084574005347E-06
36 6.77193385563396E-06 6.59076383634988E-06
36.2 6.19878842513513E-06 6.03197538538234E-06
36.4 5.67361969106569E-06 5.52020571136583E-06
36.6 5.19307508625921E-06 5.05153273741115E-06
36.8 4.75283292050795E-06 4.6223582522888E-06
37 4.34976831642257E-06 4.22938148470959E-06
37.2 3.98028922337525E-06 3.86957480310761E-06
37.4 3.64214271405416E-06 3.54016137294569E-06
37.6 3.33259639150778E-06 3.23859461654756E-06
37.8 3.04891328947103E-06 2.96253933247093E-06
38 2.78962181806607E-06 2.70985434253986E-06
38.2 2.55185730055047E-06 2.47857654492082E-06
38.4 2.33417231476668E-06 2.26690626111478E-06
38.6 2.13471168031319E-06 2.07319377350362E-06
38.8 1.95258520835128E-06 1.8959269581883E-06
39 1.78563415719069E-06 1.73371992533533E-06
39.2 1.63339973115649E-06 1.58530258615404E-06
39.4 1.49324089668955E-06 1.44951107200333E-06
39.6 1.36511646570002E-06 1.32527893701033E-06
39.8 1.24784028587836E-06 1.21162908101389E-06
40 1.14097780964385E-06 1.10766633465508E-06
40.2 1.04306552331447E-06 1.01257065305784E-06
40.4 9.53630844532976E-07 9.25590868804637E-07
40.6 8.71378009525899E-07 8.46038958840627E-07
40.8 7.96369910430585E-07 7.73284783562814E-07
41 7.28100151173504E-07 7.06751259688822E-07
41.2 6.65688704975826E-07 6.45909931576829E-07
41.4 6.08278909945398E-07 5.90276908503012E-07
41.6 5.56058708010285E-07 5.39409138014244E-07
41.8 5.07986361273692E-07 4.92900987879185E-07
42 4.64161631051905E-07 4.50381111375995E-07
42.2 4.24069084525351E-07 4.11509572694414E-07
42.4 3.87627017665135E-07 3.75975211107702E-07
42.6 3.54288155666928E-07 3.43493224298187E-07
42.8 3.24075105275198E-07 3.13802952810835E-07
43 2.95972331421378E-07 2.86665849072976E-07
43.2 2.70640410255687E-07 2.61863615764912E-07
43.4 2.47594290718262E-07 2.39196499565073E-07
43.6 2.26392635756255E-07 2.18481727432768E-07
43.8 2.06805996225864E-07 1.9955207363956E-07
44 1.89216357485937E-07 1.82254546723892E-07
44.2 1.72815288361257E-07 1.66449186429522E-07
44.4 1.57774071422189E-07 1.52007961502816E-07
44.6 1.43849687179099E-07 1.3881375997252E-07
44.8 1.31321496336929E-07 1.26759464223685E-07
45 1.19927545853509E-07 1.1574710380965E-07
45.2 1.09418367523413E-07 1.05687079526916E-07
45.4 9.94180112547763E-08 9.6497452811436E-08
45.6 9.05022641329633E-08 8.81032950051127E-08
45.8 8.23710263418989E-08 8.04360914915949E-08
46 7.49140374452394E-08 7.34331961140007E-08
46.2 6.78420388829448E-08 6.70373316669569E-08
46.4 6.17133290041375E-08 6.11961326040271E-08
46.6 5.57854584539112E-08 5.58617264217099E-08
46.8 5.01140956020827E-08 5.0990350475053E-08
47 4.4913375530106E-08 4.65420012496565E-08
47.2 4.01544367849973E-08 4.24801133623856E-08
47.4 3.61333243105607E-08 3.87712657902907E-08
47.6 3.2145112377277E-08 3.53849130356825E-08
47.8 2.83669146445094E-08 3.22931391265679E-08
48 2.48276390226316E-08 2.94704325271108E-08
48.2 2.18924423027282E-08 2.68934801937321E-08
48.4 1.9054333756682E-08 2.45409791600989E-08
48.6 1.66308953405324E-08 2.23934641696432E-08
48.8 1.42123668324145E-08 2.04331499984251E-08
49 1.19612082455376E-08 1.86437872250108E-08
49.2 9.37704967073378E-09 1.70105303084286E-08
49.4 7.37901075379761E-09 1.55198169309827E-08
49.6 5.39476473735798E-09 1.41592576504377E-08
49.8 3.83431777523662E-09 1.29175349865188E-08
50 1.99504251850981E-09 1.1784311140385E-08


0.2 0.0629654718095832 0.062626691961835
0.4 0.101024289865292 0.100407553707663
0.6 0.119326750757298 0.118488734784638
0.8 0.122248730333541 0.121241678633223
1 0.113488562061645 0.112360123344896
1.2 0.0961531445064102 0.0949463206133676
1.4 0.072834388738411 0.0715875757512027
1.6 0.0456770185003226 0.0444241055265423
1.8 0.0164385815326626 0.0152091141999977
2 -0.0134574799515872 -0.0146380993521002
2.2 -0.0428749869676208 -0.0439852699430227
2.4 -0.0709237477612372 -0.0719458683528759
2.6 -0.0969232513924294 -0.0978427814348154
2.8 -0.120370792618161 -0.121176433107473
3 -0.140913555817896 -0.141596862926441
3.2 -0.158324212716189 -0.158879327500047
3.4 -0.172479647946355 -0.172903033981461
3.6 -0.183342464424745 -0.183632654648116
3.8 -0.190944956342575 -0.191102307551589
4 -0.195375256580405 -0.195401720734172
4.2 -0.196765423398886 -0.196664326879333
4.4 -0.195281221341893 -0.195057061781352
4.6 -0.191113406400117 -0.190771663947844
4.8 -0.184470330969267 -0.18401729422799
5 -0.175571708891662 -0.175014313807537
5.2 -0.164643392031606 -0.163989076428342
5.4 -0.151913037452029 -0.151169606456583
5.6 -0.137606540001655 -0.136782048604856
5.8 -0.121945142227985 -0.12104778785929
6 -0.10514311902299 -0.104181149610017
6.2 -0.0874059723077429 -0.086387600256133
6.4 -0.0689290462703756 -0.0678623777672892
6.6 -0.0498965191806726 -0.0487894899358947
6.8 -0.0304807027380227 -0.0293410254396624
7 -0.0108416094984661 -0.0096767294383341
7.2 0.0088732567970529 0.0100561986723791
7.4 0.0285289244568041 0.029723122462748
7.6 0.0480028262290088 0.0492018330484351
7.8 0.0671845439751897 0.0683822892924855
8 0.0859754565693986 0.087166258161935
8.2 0.104288303379032 0.10546687647443
8.4 0.122046693798632 0.12320815234762
8.6 0.139184562668324 0.14032442207712
8.8 0.155645603809129 0.156759775882721
9 0.171382675874117 0.172467463946091
9.2 0.186357202726099 0.187409292387913
9.4 0.200538567809802 0.201555017272853
9.6 0.213903516189801 0.214881743363833
9.8 0.226435563480601 0.22737333315198
10 0.23812442162659 0.239019830646652
10.2 0.248965442063512 0.249816903504282
10.4 0.258959078320728 0.259765306290146
10.6 0.268110374661973 0.268870366990085
10.8 0.276428476830943 0.277141498307316
11 0.283926169814045 0.284591734781862
11.2 0.290619439879577 0.291237296346882
11.4 0.296527066939618 0.297097178578557
11.6 0.301670238902065 0.302192769596215
11.8 0.306072196309628 0.306547493320019
12 0.309757900542278 0.310186478588526
12.2 0.312753727779875 0.313136253472064
12.4 0.315087186170142 0.315424463985231
12.6 0.316786658665707 0.317079616298343
12.8 0.317881167065775 0.31813084146951
13 0.318400156122402 0.318607681662538
13.2 0.318373303088746 0.318539896778067
13.4 0.317830338263433 0.317957290403405
13.6 0.31680089207159 0.316889553978
13.8 0.31531435357049 0.31536612807435
14 0.313399749524633 0.313416079706312
14.2 0.311085632670674 0.311067994596822
14.4 0.308399991036091 0.308349883363318
14.6 0.305370163035352 0.305289100610582
14.8 0.302022769194714 0.30191227595603
15 0.298383655349555 0.298245256050903
15.2 0.294477841101449 0.294313056701365
15.4 0.290329482838946 0.290139824235611
15.6 0.285961841764158 0.285748805306059
15.8 0.281397262347583 0.281162324359089
16 0.27665715390449 0.276401768048091
16.2 0.271761984305925 0.271487575908532
16.4 0.266731272179285 0.266439236655949
16.6 0.261583589263713 0.261275289509065
16.8 0.256336567321126 0.256013329980321
17 0.25100690546678 0.250670019614971
17.2 0.245610383926106 0.245261099197245
17.4 0.240161880245703 0.239801404977989
17.6 0.234675386810846 0.234304887512497
17.8 0.229164031429757 0.228784632729906
18 0.223640103197261 0.22325288488662
18.2 0.218115072859502 0.217721071085583
18.4 0.212599620731197 0.212199827071034
18.6 0.207103662181114 0.206699024034519
18.8 0.201636375276598 0.201227796192518
19 0.196206228714795 0.195794568919098
19.2 0.19082101156753 0.190407087238541
19.4 0.185487860381803 0.185072444502994
19.6 0.18021328689428 0.17979711109892
19.8 0.175003209497118 0.174586963043474
20 0.169862977429622 0.169447310348063
20.2 0.164797402911193 0.164382925041216
20.4 0.159810785860142 0.159398068756624
20.6 0.154906943139727 0.154496519804846
20.8 0.150089231691725 0.149681599658786
21 0.145360577862208 0.144956198793662
21.2 0.140723500135247 0.140322801831885
21.4 0.13618013393863 0.135783511952127
21.6 0.131732257583065 0.131340074529864
21.8 0.127381311373325 0.126993899983983
22 0.123128422413959 0.122746085810579
22.2 0.118974424470271 0.118597437791012
22.4 0.114919878667221 0.114548490366567
22.6 0.110965093140815 0.110599526176805
22.8 0.107110142233342 0.106750594762904
23 0.103354883892561 0.103001530441002
23.2 0.0996989758333559 0.099351969353831
23.4 0.0961418937724795 0.0958013657117962
23.6 0.0926829447372859 0.092349007237139
23.8 0.0893212836782886 0.0889940298269542
24 0.0860559262603973 0.0857354314526596
24.2 0.0828857629655249 0.0825720853150415
24.4 0.0798095693723596 0.0795027522752727
24.6 0.0768260213417007 0.0765260925833233
24.8 0.0739337025857264 0.0736406769260048
25 0.0711311181019535 0.0708449968174979
25.2 0.068416701693989 0.068137474355665
25.4 0.0657888268148743 0.0655164713677261
25.6 0.0632458133090323 0.0629802979690268
25.8 0.0607859374952484 0.0605272205586447
26 0.0584074382721517 0.058155469275487
26.2 0.0561085246036134 0.0558632449383478
26.4 0.0538873821498636 0.0536487254931155
26.6 0.0517421785223196 0.0515100719899738
26.8 0.0496710693054808 0.0494454341130274
27 0.0476722039649786 0.0474529552843156
27.2 0.0457437289893393 0.0455307773636612
27.4 0.0438837941980996 0.043677044965255
27.6 0.0420905537888359 0.0418899094112828
27.8 0.0403621740677519 0.040167532342303
28 0.0386968321391186 0.0385080890034434
28.2 0.0370927234389152 0.0369097712248487
28.4 0.035548060745701 0.0353707901141535
28.6 0.0340610789680963 0.0338893784780955
28.8 0.0326300361623131 0.0324637929897231
29 0.0312532158531922 0.0310923161169898
29.2 0.0299289290849386 0.0297732578278705
29.4 0.0286555151283631 0.0285049570864864
29.6 0.0274313436734624 0.0272857831540793
29.8 0.0262548152812121 0.0261141367080494
30 0.0251243628647729 0.0249884507916479
30.2 0.0240384520352308 0.023907191606312
30.4 0.0229955824416854 0.0228688591580381
30.6 0.0219942873320607 0.0218719877686131
30.8 0.0210331347685865 0.0209151464619675
31 0.0201107277702566 0.019996939235368
31.2 0.0192257037943778 0.019116005224646
31.4 0.0183767362339382 0.0182710187721523
31.6 0.0175625329125846 0.0174606894056365
31.8 0.0167818364857052 0.0166837617357827
32 0.0160334248546486 0.0159390152796799
32.2 0.0153161103558079 0.0152252642170713
32.4 0.0146287395900272 0.0145413570858096
32.6 0.0139701929507227 0.0138861764225504
32.8 0.0133393846172726 0.0132586383543311
33 0.0127352614652005 0.0126576921463223
33.2 0.0121568033481649 0.0120823197106892
33.4 0.0116030221744529 0.0115315350811737
33.6 0.0110729612363454 0.0110043838576892
33.8 0.0105656944968576 0.0104999426249262
34 0.0100803269853272 0.010017318348679
34.2 0.00961599242569259 0.00955564775333869
34.4 0.00917185484362071 0.00911409668373987
34.6 0.0087471062554232 0.00869185945430982
34.8 0.00834096589930416 0.00828815818824034
35 0.00795268068240879 0.00790224214918746
35.2 0.00758152385414139 0.00753338706780133
35.4 0.00722679437066035 0.00718089446519856
35.6 0.00688781698122075 0.00684409097530801
35.8 0.00656394002492577 0.00652232766785374
36 0.0062545360040764 0.00621497937357877
36.2 0.00595899957190018 0.00592144401316532
36.4 0.00567674952144836 0.00564114193116783
36.6 0.00540722464218662 0.00537351523614375
36.8 0.00514988668898699 0.00511802714804633
37 0.00490421634624762 0.00487416135382876
37.2 0.00466971492526435 0.00464142137210363
37.4 0.00444590151068276 0.0044193299276022
37.6 0.00423231627093402 0.00420742833608669
37.8 0.00402851495464548 0.00400527590028286
38 0.00383407293378788 0.00381244931732145
38.2 0.00364858088232138 0.00362854209810328
38.4 0.00347164548026759 0.00345316399893576
38.6 0.00330288974602665 0.00328594046572508
38.8 0.00314195173086595 0.00312651209095166
39 0.00298848433710352 0.00297453408360286
39.2 0.00284215403163055 0.00282967575218849
39.4 0.00270264178807067 0.00269162000092032
39.6 0.00256963985828598 0.00256006283909576
39.8 0.00244285467107249 0.00243471290368912
40 0.002322004220612 0.00231529099511999
40.2 0.00220681842508844 0.00220152962613779
40.4 0.00209703820459046 0.00209317258373391
40.6 0.0019924157537152 0.00198997450396816
40.8 0.00189271263042637 0.00189170045957373
41 0.00179770065383494 0.0017981255601854
41.2 0.00170716227862671 0.00170903456501761
41.4 0.00162088748794062 0.00162422150780405
41.6 0.00153867681888192 0.00154348933379608
41.8 0.00146033832610271 0.00146664954860612
42 0.00138568807333022 0.00139352187867155
42.2 0.0013145498096192 0.001323933943106
42.4 0.00124675569279714 0.00125772093669792
42.6 0.00118214393199109 0.00119472532380993
42.8 0.00112056061237873 0.00113479654292809
43 0.00106185784316911 0.00107779072160625
43.2 0.00100589347352391 0.00102357040154813
43.4 0.000952531730103075 0.00097200427356786
43.6 0.00090164302696942 0.000922966922169019
43.8 0.00085310267618953 0.000876338579481722
44 0.000806791509892673 0.000832004888298205
44.2 0.00076259560881488 0.000789856673948135
44.4 0.000720404756015671 0.000749789724756898
44.6 0.000680113903817142 0.000711704580832107
44.8 0.000641622627273391 0.000675506330926381
45 0.00060483402976665 0.000641104417127481
45.2 0.000569655419626743 0.000608412447130279
45.4 0.000535998117398858 0.000577348013848877
45.6 0.000503775581514841 0.000547832522131097
45.8 0.000472905485836776 0.000519791022341946
46 0.000443308889506526 0.000493152050587027
46.2 0.000414909325636839 0.00046784747535156
46.4 0.000387633355302628 0.000443812350335465
46.6 0.000361410383540225 0.000420984773269818
46.8 0.000336170990601077 0.000399305750505043
47 0.000311849318813491 0.00037871906716625
47.2 0.000288381096757739 0.00035917116267623
47.4 0.000265704636247257 0.000340611011451828
47.6 0.000243759345235758 0.00032299000858454
47.8 0.000222486938112396 0.000306261860321361
48 0.000201829834112249 0.000290382479167127
48.2 0.000181731796615412 0.000275309883434637
48.4 0.000162139263548478 0.000261004101074034
48.6 0.000142998302675887 0.000247427077617929
48.8 0.000124257094531936 0.000234542588083752
49 0.000105863880071922 0.000222316152679781
49.2 8.77678378572619E-05 0.000210714956166132
49.4 6.99183393887482E-05 0.000199707770726813
49.6 5.22662926888785E-05 0.00018926488221362
49.8 3.47619262029339E-05 0.000179358019627314
50 1.73561846107336E-05 0.000169960287706012


