1 -0.225112035811216 -0.5
1.5 -0.437888967674354 -0.5
2 -0.482357828069965 -0.5
2.5 -0.492364508940893 -0.5
3 -0.494545728605193 -0.5
3.5 -0.494992321659314 -0.5
4 -0.495078397679874 -0.5
4.5 -0.495094198435418 -0.5
5 -0.495096991958638 -0.5
5.5 -0.495097471658577 -0.5
6 -0.495097552150656 -0.5
6.5 -0.495097565406126 -0.5
7 -0.495097567555417 -0.5
7.5 -0.495097567899388 -0.5
8 -0.495097567953824 -0.5
8.5 -0.495097567962358 -0.5
9 -0.495097567963687 -0.5
9.5 -0.495097567963889 -0.5
10 -0.49509756796392 -0.5
10.5 -0.495097567963925 -0.5
11 -0.495097567963926 -0.5
11.5 -0.495097567963926 -0.5
12 -0.495097567963926 -0.5
12.5 -0.495097567963927 -0.5
13 -0.495097567963925 -0.5
13.5 -0.495097567963923 -0.5
14 -0.495097567963927 -0.5
14.5 -0.495097567963924 -0.5
15 -0.495097567963926 -0.5
15.5 -0.495097567963925 -0.5
16 -0.495097567963925 -0.5
16.5 -0.495097567963928 -0.5
17 -0.495097567963925 -0.5
17.5 -0.495097567963918 -0.5
18 -0.495097567963924 -0.5
18.5 -0.495097567963924 -0.5
19 -0.495097567963923 -0.5
19.5 -0.495097567963925 -0.5
20 -0.495097567963924 -0.5
20.5 -0.495097567963929 -0.5
21 -0.495097567963925 -0.5
21.5 -0.495097567963928 -0.5
22 -0.495097567963925 -0.5
22.5 -0.495097567963926 -0.5
23 -0.49509756796393 -0.5
23.5 -0.495097567963926 -0.5
24 -0.495097567963927 -0.5
24.5 -0.495097567963925 -0.5
25 -0.495097567963928 -0.5
25.5 -0.495097567963925 -0.5
26 -0.495097567963927 -0.5
26.5 -0.495097567963928 -0.5
27 -0.495097567963922 -0.5
27.5 -0.495097567963922 -0.5
28 -0.495097567963924 -0.5
28.5 -0.495097567963927 -0.5
29 -0.495097567963925 -0.5
29.5 -0.495097567963923 -0.5


1 2.53788580778405 -0.125
1.5 0.900577278299935 -0.125
2 0.342489400042501 -0.125
2.5 0.107618580754623 -0.125
3 -0.00318604875346756 -0.125
3.5 -0.0591800713642532 -0.125
4 -0.0887730060894033 -0.125
4.5 -0.104875576729238 -0.125
5 -0.113784292616231 -0.125
5.5 -0.118741760872708 -0.125
6 -0.121491209560322 -0.125
6.5 -0.12299974173852 -0.125
7 -0.123814065911991 -0.125
7.5 -0.124245014377873 -0.125
8 -0.124468201853739 -0.125
8.5 -0.124581287482251 -0.125
9 -0.124637389884268 -0.125
9.5 -0.124664680890559 -0.125
10 -0.124677720985892 -0.125
10.5 -0.124683852216132 -0.125
11 -0.124686693807846 -0.125
11.5 -0.124687993955294 -0.125
12 -0.124688582025301 -0.125
12.5 -0.12468884528306 -0.125
13 -0.124688962041708 -0.125
13.5 -0.124689013390719 -0.125
14 -0.124689035800561 -0.125
14.5 -0.124689045512227 -0.125
15 -0.124689049693893 -0.125
15.5 -0.124689051483752 -0.125
16 -0.124689052245668 -0.125
16.5 -0.124689052568342 -0.125
17 -0.124689052704354 -0.125
17.5 -0.124689052761431 -0.125
18 -0.124689052785283 -0.125
18.5 -0.124689052795212 -0.125
19 -0.124689052799332 -0.125
19.5 -0.124689052801031 -0.125
20 -0.124689052801738 -0.125
20.5 -0.124689052802023 -0.125
21 -0.124689052802151 -0.125
21.5 -0.124689052802194 -0.125
22 -0.124689052802213 -0.125
22.5 -0.124689052802226 -0.125
23 -0.124689052802227 -0.125
23.5 -0.12468905280223 -0.125
24 -0.124689052802237 -0.125
24.5 -0.124689052802231 -0.125
25 -0.124689052802227 -0.125
25.5 -0.124689052802231 -0.125
26 -0.124689052802226 -0.125
26.5 -0.124689052802234 -0.125
27 -0.124689052802232 -0.125
27.5 -0.124689052802226 -0.125
28 -0.12468905280224 -0.125
28.5 -0.12468905280223 -0.125
29 -0.124689052802238 -0.125
29.5 -0.124689052802241 -0.125


1 7.0679720388353 -0.055
1.5 3.11127565812073 -0.055
2 1.62681071534411 -0.055
2.5 0.935752772233808 -0.055
3 0.568483232012812 -0.055
3.5 0.355311715304286 -0.055
4 0.223653080863488 -0.055
4.5 0.138544139244435 -0.055
5 0.0816028894389997 -0.055
5.5 0.0424959392822118 -0.055
6 0.0150979154360724 -0.055
6.5 -0.00438409137721872 -0.055
7 -0.0183872197887256 -0.055
7.5 -0.0285279554077254 -0.055
8 -0.0359076396006391 -0.055
8.5 -0.0412932571752978 -0.055
9 -0.0452281676384699 -0.055
9.5 -0.0481023213149803 -0.055
10 -0.0501982997951513 -0.055
10.5 -0.0517223969664397 -0.055
11 -0.0528260812569715 -0.055
11.5 -0.0536210573331274 -0.055
12 -0.054189958042435 -0.055
12.5 -0.0545940038051449 -0.055
13 -0.0548785377345171 -0.055
13.5 -0.0550770643265626 -0.055
14 -0.0552142283367394 -0.055
14.5 -0.0553080369383601 -0.055
15 -0.0553715344947749 -0.055
15.5 -0.0554140741200214 -0.055
16 -0.0554422859526196 -0.055
16.5 -0.0554608128670498 -0.055
17 -0.0554728655064496 -0.055
17.5 -0.0554806363426547 -0.055
18 -0.0554856042469817 -0.055
18.5 -0.0554887550138977 -0.055
19 -0.0554907384199793 -0.055
19.5 -0.0554919782609307 -0.055
20 -0.0554927482324853 -0.055
20.5 -0.0554932234803477 -0.055
21 -0.0554935151365651 -0.055
21.5 -0.0554936931624853 -0.055
22 -0.0554938012805984 -0.055
22.5 -0.0554938666308761 -0.055
23 -0.0554939059541073 -0.055
23.5 -0.055493929516165 -0.055
24 -0.0554939435779145 -0.055
24.5 -0.0554939519381626 -0.055
25 -0.0554939568908231 -0.055
25.5 -0.0554939598147995 -0.055
26 -0.0554939615354675 -0.055
26.5 -0.0554939625449033 -0.055
27 -0.0554939631353406 -0.055
27.5 -0.0554939634797359 -0.055
28 -0.0554939636800605 -0.055
28.5 -0.0554939637962949 -0.055
29 -0.0554939638635692 -0.055
29.5 -0.05549396390241 -0.055


