0 34.1248
10 0.1792
20 0.3456
30 0.5888
40 1.1136
50 3.4432
60 3.6352
70 5.632
80 6.4
90 10.368
100 12.096
110 16.4864
120 22.8736
130 25.4464
140 34.4448
150 37.5424
160 46.3744
170 56.1152
180 63.0016
190 73.8944
200 89.024
210 105.5104
220 115.008
230 121.4464
240 141.248
250 164.7872
260 179.8144
270 202.2912
280 224.7808
290 247.6544
300 276.416
310 301.952
320 330.1376
330 372.4416
340 404.2112
350 446.656
360 479.7184
370 521.6896
380 562.0608
390 616.9984
400 659.9808
410 716.48
420 775.552
430 841.2416
440 904.3456
450 959.936
460 1050.4704
470 1078.272
480 1154.6368
