0.0625 3.04062120587337 -0.031055830502079
0.125 3.03770820621538 -0.0622299049384075
0.1875 3.03282751106226 -0.0941220291031992
0.25 3.02591542872214 -0.12733579466402
0.3125 3.01687013651254 -0.162489631447138
0.375 3.00555041107316 -0.20022775141681
0.4375 2.99177367576469 -0.241231067829928
0.5 2.97531336550284 -0.286228116734737
0.5625 2.95589561011092 -0.336005924730395
0.625 2.93319524438016 -0.391420643633962
0.6875 2.9068311695635 -0.453407590454568
0.75 2.87636112147255 -0.522990063030171
0.8125 2.84127595115855 -0.601285910836485
0.875 2.80099360448669 -0.689510277412541
0.9375 2.75485310941898 -0.788972132670833
1 2.70210906146771 -0.901061106165825
1.0625 2.64192736025238 -1.0272196418918
1.125 2.57338331907814 -1.16889357399221
1.1875 2.49546377136164 -1.32745190861682
1.25 2.40707545125629 -1.50406412313673
1.3125 2.30706272435169 -1.69952127609968
1.375 2.19423862366721 -1.91398693919107
1.4375 2.06743393260682 -2.14666769764541
1.5 1.9255693956851 -2.39540422928071
1.5625 1.76775542314672 -2.65620718524902
1.625 1.59342101432689 -2.92280090779102
1.6875 1.40246807778347 -3.18629127213132
1.75 1.19543828472675 -3.43512909103605
1.8125 0.973667779534605 -3.65556745689477
1.875 0.739393619508514 -3.83276491525177
1.9375 0.49577063367734 -3.95252865145388
2 0.246765412078301 -4.00343592858765
2.0625 -0.00308114056063754 -3.97881735519961
2.125 -0.248994821393861 -3.87799253990082
2.1875 -0.486350944020937 -3.70633008069446
2.25 -0.711022361058499 -3.47410871601238
2.3125 -0.919628299227778 -3.19457409817147
2.375 -1.10965228220645 -2.88179572423347
2.4375 -1.27943439080228 -2.54886067766273
2.5 -1.42806947299583 -2.20669524919712
2.5625 -1.55525264627404 -1.86354380489667
2.625 -1.66110936657635 -1.5249649192813
2.6875 -1.74603630629078 -1.19414864936847
2.75 -1.81056743934209 -0.872381096411052
2.8125 -1.85527051038436 -0.559537202497563
2.875 -1.88067340148707 -0.254538014686003
2.9375 -1.88721730849598 0.044249772340163
3 -1.87523313254948 0.338668489662048
3.0625 -1.8449381687003 0.630462051834927
3.125 -1.79645135031082 0.920986324388425
3.1875 -1.72982650614033 1.21091999028111
3.25 -1.64510393746403 1.49996694015462
3.3125 -1.54238077203723 1.78655541197424
3.375 -1.42189961582202 2.06755965278216
3.4375 -1.28415262481921 2.33809571139712
3.5 -1.12999405511346 2.59146916099099
3.5625 -0.960748903983147 2.81936819338434
3.625 -0.778299582688782 3.01238414044312
3.6875 -0.585128883850578 3.16088698435527
3.75 -0.384298716837398 3.25618293890124
3.8125 -0.179352459808208 3.29175917981851
3.875 0.0258558949976426 3.26433086880012
3.9375 0.227384281311489 3.17440728170644
4 0.42144066255561 3.02621095387995
4.0625 0.604596023519027 2.8269762145479
4.125 0.773939168782275 2.58583394076799
4.1875 0.92715655429155 2.31257822593986
4.25 1.06253859370562 2.01658463035015
4.3125 1.17892773092759 1.70604560136242
4.375 1.27563008832666 1.38756811452481
4.4375 1.35231227768309 1.06608880675614
4.5 1.40890059282523 0.745019278698498
4.5625 1.44549408023232 0.426530932805212
4.625 1.46229783075549 0.111907251195363
4.6875 1.45957909904882 -0.198083955853166
4.75 1.43764657933852 -0.502824865588734
4.8125 1.3968519594142 -0.80150206671813
4.875 1.33761220558788 -1.09279036882998
4.9375 1.26045037872764 -1.37457875845606
5 1.16605171876626 -1.64376047663307
5.0625 1.05532999836208 -1.89612086741847
5.125 0.929496730301969 -2.12636568973357
5.1875 0.79012309284217 -2.32833200134643
5.25 0.639182250751022 -2.49540612048905
5.3125 0.479059317182789 -2.62113454228745
5.375 0.312518750785707 -2.69995862024737
5.4375 0.142625088540879 -2.72794875860419
5.5 -0.0273781807267119 -2.70338372101069
5.5625 -0.194217384088631 -2.62703700149887
5.625 -0.354744068069218 -2.50209834299499
5.6875 -0.506074430872272 -2.33375287089027
5.75 -0.645694398039764 -2.12852583682895
5.8125 -0.771520362669016 -1.89354547743543
5.875 -0.88191517978124 -1.63586961212407
5.9375 -0.975666834874174 -1.36197652666594
6 -1.05194167048903 -1.07746232485671
6.0625 -1.11022505249981 -0.78693722550116
6.125 -1.15026083371243 -0.49408307213856
6.1875 -1.17199818887927 -0.20182354030804
6.25 -1.17555139052691 0.087439028164151
6.3125 -1.16117546081017 0.371557968348876
6.375 -1.12925854370098 0.648377238273323
6.4375 -1.0803301901788 0.915491024032034
6.5 -1.01508331410892 1.17005044946282
6.5625 -0.934406150105867 1.40864084948756
6.625 -0.839419037150691 1.6272541194537
6.6875 -0.731509368207831 1.82137819710942
6.75 -0.6123569220557 1.98621614827895
6.8125 -0.483941554126154 2.11702847876484
6.875 -0.348526428330484 2.20956552530911
6.9375 -0.208612949129199 2.26052828318126
7 -0.0668681033583015 2.26797608314429
7.0625 0.0739698318029085 2.23159865830326
7.125 0.211196707054254 2.1527933677213
7.1875 0.34224609531315 2.03453094707509
7.25 0.464778595796374 1.88104141926787
7.3125 0.576747621957082 1.69738921254856
7.375 0.676437369015337 1.48902179995644
7.4375 0.762473777132643 1.26136788097604
7.5 0.833813349006089 1.01953665497982
7.5625 0.889716975445967 0.768140097236868
7.625 0.929716455008563 0.511234589356725
7.6875 0.953580590574312 0.252361438329599
7.75 0.961286178932874 -0.00534205369641132
7.8125 0.952997369697642 -0.258990686346862
7.875 0.929055064517559 -0.505786355874754
7.9375 0.889976384590932 -0.742864780867498
8 0.836462766461388 -0.967176179050648
8.0625 0.769413931849964 -1.17541969515542
8.125 0.689943834897896 -1.36404806010752
8.1875 0.599393824054361 -1.52935317795832
8.25 0.499337863926618 -1.66763380087843
8.3125 0.391574991219799 -1.7754330507055
8.375 0.278105424359735 -1.84981810092722
8.4375 0.161088924165699 -1.88866073077909
8.5 0.0427868435161553 -1.89087067992447
8.5625 -0.0745077560553312 -1.85653779891641
8.625 -0.188545228527806 -1.78695472224352
8.6875 -0.297191968001971 -1.68451564634278
8.75 -0.398493314861332 -1.55251186085865
8.8125 -0.490721452207711 -1.39486350503586
8.875 -0.572405773415157 -1.21583475339507
8.9375 -0.642346084615385 -1.01977571945084
9 -0.699611357507256 -0.81092203525079
9.0625 -0.743528194789335 -0.593267294152484
9.125 -0.773663645439916 -0.370508831900704
9.1875 -0.789806670955575 -0.146056351856333
9.25 -0.791951681505403 0.0769136274750086
9.3125 -0.780286394219925 0.2953772845315
9.375 -0.755185013229554 0.506376938684143
9.4375 -0.717206518608802 0.706947059654675
9.5 -0.667096755142655 0.894069133986762
9.5625 -0.605792092877822 1.06466830550843
9.625 -0.534421765178677 1.21565992037365
9.6875 -0.454305677036287 1.34404755554356
9.75 -0.366944627007053 1.44706590571024
9.8125 -0.274000579247857 1.52235298280678
9.875 -0.177265849610727 1.56812826690709
9.9375 -0.0786216908334553 1.58334905746492
10 0.0200115040330062 1.56781829679176
