-5	-42756497195167.1 NaN
-4.875	-0.0845529474455985 NaN
-4.75	-0.0563928696479195 NaN
-4.625	-0.0530329557667296 NaN
-4.5	-0.0600196018019154 NaN
-4.375	-0.0793335426676201 NaN
-4.25	-0.126176643066486 NaN
-4.125	-0.282873668548755 NaN
-4	267228107469794 NaN
-3.875	0.412195618797293 NaN
-3.75	0.267866130827618 NaN
-3.625	0.245277420421124 NaN
-3.5	0.270088208108619 NaN
-3.375	0.347084249170838 NaN
-3.25	0.536250733032565 NaN
-3.125	1.16685388276362 NaN
-3	-1.42521657317224E+15 NaN
-2.875	-1.59725802283951 NaN
-2.75	-1.00449799060357 NaN
-2.625	-0.889130649026576 NaN
-2.5	-0.945308728380167 NaN
-2.375	-1.17140934095158 NaN
-2.25	-1.74281488235584 NaN
-2.125	-3.6464183836363 NaN
-2	6.41347457927506E+15 NaN
-1.875	4.59211681566359 NaN
-1.75	2.76236947415981 NaN
-1.625	2.33396795369476 NaN
-1.5	2.36327182095042 NaN
-1.375	2.78209718476 NaN
-1.25	3.92133348530064 NaN
-1.125	7.74863906522714 NaN
-1	-2.56538983171002E+16 NaN
-0.875	-8.61021902936924 NaN
-0.75	-4.83414657977967 NaN
-0.625	-3.79269792475399 NaN
-0.5	-3.54490773142563 NaN
-0.375	-3.825383629045 NaN
-0.25	-4.9016668566258 NaN
-0.125	-8.71721894838053 NaN
0	Infinity NaN
0.125	7.53394152188078 1.88872885753452
0.25	3.62560987363124 1.24840167448588
0.375	2.37043616326337 0.84974157988368
0.5	1.77245383609822 0.567071441276259
0.625	1.43451883686183 0.35843604614833
0.75	1.22541669347033 0.202084609969739
0.875	1.0896523499164 0.0852118028648524
1	0.999999989064903 -0.000372555545184672
1.125	0.941742690235098 -0.0602490846991681
1.25	0.906402468407809 -0.0984148130278628
1.375	0.888913561223765 -0.117849101749167
1.5	0.886226918049109 -0.120845755357873
1.625	0.896574273038643 -0.109218300904789
1.75	0.919062520102744 -0.0844325615278754
1.875	0.953445806176854 -0.0476955337974548
2	0.999999989064903 -1.69118274956359E-05
2.125	1.05946052651448 0.0577471268776328
2.25	1.13300308550976 0.12486199857891
2.375	1.22225614668268 0.200690941724861
2.5	1.32934037707366 0.284676981649009
2.625	1.45693319368779 0.376329018610539
2.75	1.6083594101798 0.475210936464601
2.875	1.7877108865816 0.580932962098792
3	1.99999997812981 0.693144727899424
3.125	2.25135361884328 0.811529640824142
3.25	2.54925694239696 0.935800266673577
3.375	2.90285834837136 1.06569451229027
3.5	3.32335094268416 1.20097244157001
3.625	3.82444963343046 1.34141359983423
3.75	4.42298837799446 1.48681474960689
3.875	5.1396687989221 1.63698794209579
4	5.99999993438942 1.79175886471641
4.125	7.03548005888525 1.95096541722222
4.25	8.28508506279013 2.11445647841854
4.375	9.79714692575333 2.28209083274886
4.5	11.6317282993946 2.45373623177163
4.625	13.8636299211854 2.62926857007003
4.75	16.5862064174792 2.8085711587366
4.875	19.9162165958231 2.99153408245952
5	23.9999997375577 3.17805362856331
